SDTrimSP: VERSION 6.09    11.04.2025
SDTrimSP - Sat Apr 5 11:46:41 2025                                              
flue.-step out-layer     atoms  each-out max-layer calc_mom.  n-projec stat./dyn
        nh       nqx       ncp     idout      nqxm  ncp_proj     idrel
       100        30         3        10      5000         1         0
     Xe        Zr        O    
  fluence-step,dsurface                   : fluc,srrc
  surface atomic fraction                 : csf(ncp)
  Momente                                 : flib(5,qbeam)
  areal densities (atoms/A^2)             : ard(1:ncp)
  number projectils                       : nproj
  number particle backscattered           : iback_p(1:ncp)
  energy particle backscattered           : eback_p(1:ncp)
  number particle transmission            : itran_p(1:ncp)
  energy particle transmission            : etran_p(1:ncp)
  number particle backsputtering          : iback_r(1:ncp)
  energy particle backsputtering          : eback_r(1:ncp)
  number particle transmission sputtering : itran_r(1:ncp)
  energy particle transmission sputtering : etran_r(1:ncp)
  energy all projectils                   : e_tot_p(1:ncp)
  number particle reemission              : reem   (1:ncp)
  number particle chemical erosion        : d_chem (1:ncp)
  0.00000000E+00  0.00000000E+00
  0.00000000E+00  0.33333000E+00  0.66667000E+00 !--- csf(ncp)      
  0.00000000E+00  0.00000000E+00  0.00000000E+00  0.00000000E+00  0.00000000E+00
  0.00000000E+00  0.85852449E+02  0.17170747E+03 !--- ard(1:ncp)    
  0.00000000E+00  0.00000000E+00  0.00000000E+00
  0.00000000E+00  0.00000000E+00  0.00000000E+00
  0.00000000E+00  0.00000000E+00  0.00000000E+00
  0.00000000E+00  0.00000000E+00  0.00000000E+00
  0.00000000E+00  0.00000000E+00  0.00000000E+00
  0.00000000E+00  0.00000000E+00  0.00000000E+00
  0.00000000E+00  0.00000000E+00  0.00000000E+00
  0.00000000E+00  0.00000000E+00  0.00000000E+00
  0.00000000E+00  0.00000000E+00  0.00000000E+00
  0.00000000E+00  0.00000000E+00  0.00000000E+00
  0.00000000E+00  0.00000000E+00  0.00000000E+00
  0.00000000E+00  0.00000000E+00  0.00000000E+00
   center[A]  density[a/A^3]  atomic fraction  
   xxx(*)       dns(*)        (qux(*,jp),jp=1,ncp)
0.100000E+03   0.429267E-01      0.00000  0.33333  0.66667    0.00000  0.00000
0.300000E+03   0.429267E-01      0.00000  0.33333  0.66667    0.00000  0.00000
0.500000E+03   0.429267E-01      0.00000  0.33333  0.66667    0.00000  0.00000
0.700000E+03   0.429267E-01      0.00000  0.33333  0.66667    0.00000  0.00000
0.900000E+03   0.429267E-01      0.00000  0.33333  0.66667    0.00000  0.00000
0.110000E+04   0.429267E-01      0.00000  0.33333  0.66667    0.00000  0.00000
0.130000E+04   0.429267E-01      0.00000  0.33333  0.66667    0.00000  0.00000
0.150000E+04   0.429267E-01      0.00000  0.33333  0.66667    0.00000  0.00000
0.170000E+04   0.429267E-01      0.00000  0.33333  0.66667    0.00000  0.00000
0.190000E+04   0.429267E-01      0.00000  0.33333  0.66667    0.00000  0.00000
0.210000E+04   0.429267E-01      0.00000  0.33333  0.66667    0.00000  0.00000
0.230000E+04   0.429267E-01      0.00000  0.33333  0.66667    0.00000  0.00000
0.250000E+04   0.429267E-01      0.00000  0.33333  0.66667    0.00000  0.00000
0.270000E+04   0.429267E-01      0.00000  0.33333  0.66667    0.00000  0.00000
0.290000E+04   0.429267E-01      0.00000  0.33333  0.66667    0.00000  0.00000
0.310000E+04   0.429267E-01      0.00000  0.33333  0.66667    0.00000  0.00000
0.330000E+04   0.429267E-01      0.00000  0.33333  0.66667    0.00000  0.00000
0.350000E+04   0.429267E-01      0.00000  0.33333  0.66667    0.00000  0.00000
0.370000E+04   0.429267E-01      0.00000  0.33333  0.66667    0.00000  0.00000
0.390000E+04   0.429267E-01      0.00000  0.33333  0.66667    0.00000  0.00000
0.410000E+04   0.429267E-01      0.00000  0.33333  0.66667    0.00000  0.00000
0.430000E+04   0.429267E-01      0.00000  0.33333  0.66667    0.00000  0.00000
0.450000E+04   0.429267E-01      0.00000  0.33333  0.66667    0.00000  0.00000
0.470000E+04   0.429267E-01      0.00000  0.33333  0.66667    0.00000  0.00000
0.490000E+04   0.429267E-01      0.00000  0.33333  0.66667    0.00000  0.00000
0.510000E+04   0.429267E-01      0.00000  0.33333  0.66667    0.00000  0.00000
0.530000E+04   0.429267E-01      0.00000  0.33333  0.66667    0.00000  0.00000
0.550000E+04   0.429267E-01      0.00000  0.33333  0.66667    0.00000  0.00000
0.570000E+04   0.429267E-01      0.00000  0.33333  0.66667    0.00000  0.00000
0.590000E+04   0.429267E-01      0.00000  0.33333  0.66667    0.00000  0.00000
  0.10000000E+01  0.38168577E+02 !--- fluc srrc sbe:   0.00000   6.30000   2.58000
  0.000000000000E+00  0.379226637173E+00  0.618202099332E+00 !--- csf(ncp)      
  0.00000000E+00  0.00000000E+00  0.00000000E+00  0.00000000E+00  0.00000000E+00
  0.952534682340E+00  0.849544485932E+02  0.167934472786E+03 !--- ard(1:ncp)    
  0.100000000000E+02  0.000000000000E+00  0.000000000000E+00 !--- nproj         
  0.000000000000E+00  0.000000000000E+00  0.000000000000E+00 !--- iback_p(1:ncp)
  0.000000000000E+00  0.000000000000E+00  0.000000000000E+00 !--- eback_p(1:ncp)
  0.000000000000E+00  0.000000000000E+00  0.000000000000E+00 !--- itran_p(1:ncp)
  0.000000000000E+00  0.000000000000E+00  0.000000000000E+00 !--- etran_p(1:ncp)
  0.220000000000E+00  0.898000000000E+01  0.377300000000E+02 !--- iback_r(1:ncp)  10.00000   0.89800
  0.414252905638E+00  0.223473490689E+04  0.121977756743E+05 !--- eback_r(1:ncp)
  0.000000000000E+00  0.000000000000E+00  0.000000000000E+00 !--- itran_r(1:ncp)
  0.000000000000E+00  0.000000000000E+00  0.000000000000E+00 !--- etran_r(1:ncp)
  0.300000000000E+07  0.000000000000E+00  0.000000000000E+00 !--- e_tot_p(1:ncp)
  0.254653176599E+00  0.000000000000E+00  0.000000000000E+00 !--- reem   (1:ncp)
  0.000000000000E+00  0.000000000000E+00  0.000000000000E+00 !--- d_chem(1:ncp) 
0.100000E+03   0.426892E-01      0.00257  0.37923  0.61820    0.45163  0.00002
0.300000E+03   0.425175E-01      0.00442  0.36180  0.63378    0.68797  0.00005
0.500000E+03   0.421327E-01      0.00863  0.34656  0.64480    0.84109  0.00021
0.700000E+03   0.418678E-01      0.01158  0.33445  0.65397    0.96164  0.00034
0.900000E+03   0.416564E-01      0.01396  0.32835  0.65769    1.00000  0.00054
0.110000E+04   0.414681E-01      0.01610  0.33272  0.65118    0.93616  0.00082
0.130000E+04   0.414582E-01      0.01621  0.32130  0.66249    0.79448  0.00075
0.150000E+04   0.416769E-01      0.01373  0.33049  0.65578    0.61002  0.00077
0.170000E+04   0.419161E-01      0.01104  0.32890  0.66006    0.40478  0.00053
0.190000E+04   0.421808E-01      0.00809  0.32509  0.66682    0.24716  0.00044
0.210000E+04   0.425273E-01      0.00430  0.33079  0.66491    0.13227  0.00021
0.230000E+04   0.427115E-01      0.00230  0.32604  0.67166    0.07272  0.00012
0.250000E+04   0.428764E-01      0.00053  0.32973  0.66973    0.03529  0.00003
0.270000E+04   0.429073E-01      0.00021  0.33359  0.66621    0.01882  0.00000
0.290000E+04   0.429136E-01      0.00014  0.33209  0.66777    0.01101  0.00001
0.310000E+04   0.429266E-01      0.00000  0.33255  0.66745    0.01000  0.00000
0.330000E+04   0.429266E-01      0.00000  0.33303  0.66697    0.01000  0.00000
0.350000E+04   0.429267E-01      0.00000  0.33369  0.66631    0.01000  0.00000
0.370000E+04   0.429266E-01      0.00000  0.33293  0.66707    0.01000  0.00000
0.390000E+04   0.429266E-01      0.00000  0.33295  0.66705    0.01000  0.00000
0.410000E+04   0.429267E-01      0.00000  0.33333  0.66667    0.01000  0.00000
0.430000E+04   0.429267E-01      0.00000  0.33333  0.66667    0.01000  0.00000
0.450000E+04   0.429267E-01      0.00000  0.33334  0.66666    0.01000  0.00000
0.470000E+04   0.429267E-01      0.00000  0.33337  0.66663    0.01000  0.00000
0.490000E+04   0.429266E-01      0.00000  0.33323  0.66677    0.01000  0.00000
0.510000E+04   0.429267E-01      0.00000  0.33330  0.66670    0.01000  0.00000
0.530000E+04   0.429267E-01      0.00000  0.33333  0.66667    0.00000  0.00000
0.550000E+04   0.429267E-01      0.00000  0.33333  0.66667    0.00000  0.00000
0.570000E+04   0.429267E-01      0.00000  0.33333  0.66667    0.00000  0.00000
0.590000E+04   0.429267E-01      0.00000  0.33333  0.66667    0.00000  0.00000
  0.20000000E+01  0.10636634E+03 !--- fluc srrc sbe:   0.00000   6.30000   2.58000
  0.000000000000E+00  0.462957206430E+00  0.534072101987E+00 !--- csf(ncp)      
  0.00000000E+00  0.00000000E+00  0.00000000E+00  0.00000000E+00  0.00000000E+00
  0.173766855076E+01  0.837784485932E+02  0.163683472786E+03 !--- ard(1:ncp)    
  0.200000000000E+02  0.000000000000E+00  0.000000000000E+00 !--- nproj         
  0.000000000000E+00  0.000000000000E+00  0.000000000000E+00 !--- iback_p(1:ncp)
  0.000000000000E+00  0.000000000000E+00  0.000000000000E+00 !--- eback_p(1:ncp)
  0.000000000000E+00  0.000000000000E+00  0.000000000000E+00 !--- itran_p(1:ncp)
  0.000000000000E+00  0.000000000000E+00  0.000000000000E+00 !--- etran_p(1:ncp)
  0.103000000000E+01  0.207400000000E+02  0.802400000000E+02 !--- iback_r(1:ncp)  20.00000   1.03700
  0.478776543874E+02  0.658895720177E+04  0.245785405559E+05 !--- eback_r(1:ncp)
  0.000000000000E+00  0.000000000000E+00  0.000000000000E+00 !--- itran_r(1:ncp)
  0.000000000000E+00  0.000000000000E+00  0.000000000000E+00 !--- etran_r(1:ncp)
  0.600000000000E+07  0.000000000000E+00  0.000000000000E+00 !--- e_tot_p(1:ncp)
  0.159331449243E+01  0.000000000000E+00  0.000000000000E+00 !--- reem   (1:ncp)
  0.000000000000E+00  0.000000000000E+00  0.000000000000E+00 !--- d_chem(1:ncp) 
0.100000E+03   0.423803E-01      0.00596  0.43542  0.55862    0.47897  0.00003
0.300000E+03   0.416481E-01      0.01408  0.37883  0.60709    0.73850  0.00007
0.500000E+03   0.410609E-01      0.02081  0.34716  0.63202    0.87133  0.00022
0.700000E+03   0.407637E-01      0.02430  0.33525  0.64046    0.96466  0.00036
0.900000E+03   0.405520E-01      0.02681  0.33982  0.63336    1.00000  0.00057
0.110000E+04   0.406702E-01      0.02540  0.32738  0.64722    0.93836  0.00075
0.130000E+04   0.408172E-01      0.02366  0.32439  0.65196    0.77702  0.00076
0.150000E+04   0.409720E-01      0.02184  0.32470  0.65346    0.57280  0.00067
0.170000E+04   0.411629E-01      0.01961  0.31801  0.66238    0.38806  0.00055
0.190000E+04   0.416344E-01      0.01421  0.32187  0.66393    0.24065  0.00037
0.210000E+04   0.421638E-01      0.00828  0.32087  0.67085    0.12339  0.00020
0.230000E+04   0.425368E-01      0.00419  0.32335  0.67246    0.06744  0.00012
0.250000E+04   0.427658E-01      0.00172  0.32705  0.67123    0.03306  0.00004
0.270000E+04   0.428780E-01      0.00052  0.33033  0.66915    0.01568  0.00000
0.290000E+04   0.429220E-01      0.00005  0.33233  0.66762    0.01000  0.00000
0.310000E+04   0.429266E-01      0.00000  0.33262  0.66738    0.01000  0.00000
0.330000E+04   0.429266E-01      0.00000  0.33298  0.66702    0.01000  0.00000
0.350000E+04   0.429266E-01      0.00000  0.33291  0.66709    0.01000  0.00000
0.370000E+04   0.429266E-01      0.00000  0.33272  0.66728    0.01000  0.00000
0.390000E+04   0.429266E-01      0.00000  0.33319  0.66681    0.01000  0.00000
0.410000E+04   0.429267E-01      0.00000  0.33328  0.66672    0.01000  0.00000
0.430000E+04   0.429267E-01      0.00000  0.33332  0.66668    0.01000  0.00000
0.450000E+04   0.429267E-01      0.00000  0.33330  0.66670    0.01000  0.00000
0.470000E+04   0.429266E-01      0.00000  0.33320  0.66680    0.01000  0.00000
0.490000E+04   0.429266E-01      0.00000  0.33325  0.66675    0.01000  0.00000
0.510000E+04   0.429267E-01      0.00000  0.33331  0.66669    0.01000  0.00000
0.530000E+04   0.429267E-01      0.00000  0.33333  0.66667    0.00000  0.00000
0.550000E+04   0.429267E-01      0.00000  0.33333  0.66667    0.00000  0.00000
0.570000E+04   0.429267E-01      0.00000  0.33333  0.66667    0.00000  0.00000
0.590000E+04   0.429267E-01      0.00000  0.33333  0.66667    0.00000  0.00000
  0.30000000E+01  0.18624956E+03 !--- fluc srrc sbe:   0.00000   6.30000   2.58000
  0.000000000000E+00  0.474987516099E+00  0.520536317581E+00 !--- csf(ncp)      
  0.00000000E+00  0.00000000E+00  0.00000000E+00  0.00000000E+00  0.00000000E+00
  0.224962599683E+01  0.824634485932E+02  0.159939472786E+03 !--- ard(1:ncp)    
  0.300000000000E+02  0.000000000000E+00  0.000000000000E+00 !--- nproj         
  0.000000000000E+00  0.000000000000E+00  0.000000000000E+00 !--- iback_p(1:ncp)
  0.000000000000E+00  0.000000000000E+00  0.000000000000E+00 !--- eback_p(1:ncp)
  0.000000000000E+00  0.000000000000E+00  0.000000000000E+00 !--- itran_p(1:ncp)
  0.000000000000E+00  0.000000000000E+00  0.000000000000E+00 !--- etran_p(1:ncp)
  0.211000000000E+01  0.338900000000E+02  0.117680000000E+03 !--- iback_r(1:ncp)  30.00000   1.12967
  0.558848108188E+02  0.986058005276E+04  0.365271612876E+05 !--- eback_r(1:ncp)
  0.000000000000E+00  0.000000000000E+00  0.000000000000E+00 !--- itran_r(1:ncp)
  0.000000000000E+00  0.000000000000E+00  0.000000000000E+00 !--- etran_r(1:ncp)
  0.900000000000E+07  0.000000000000E+00  0.000000000000E+00 !--- e_tot_p(1:ncp)
  0.539374003171E+01  0.000000000000E+00  0.000000000000E+00 !--- reem   (1:ncp)
  0.000000000000E+00  0.000000000000E+00  0.000000000000E+00 !--- d_chem(1:ncp) 
0.100000E+03   0.422127E-01      0.00781  0.46043  0.53176    0.48252  0.00002
0.300000E+03   0.410426E-01      0.02105  0.39240  0.58655    0.74948  0.00009
0.500000E+03   0.405931E-01      0.02633  0.35892  0.61474    0.88874  0.00022
0.700000E+03   0.403151E-01      0.02967  0.34663  0.62370    0.97117  0.00036
0.900000E+03   0.400514E-01      0.03287  0.33290  0.63423    1.00000  0.00054
0.110000E+04   0.399730E-01      0.03383  0.32539  0.64079    0.94070  0.00072
0.130000E+04   0.400087E-01      0.03339  0.32216  0.64445    0.77830  0.00076
0.150000E+04   0.404194E-01      0.02840  0.32516  0.64644    0.56243  0.00067
0.170000E+04   0.406932E-01      0.02512  0.31392  0.66096    0.36904  0.00051
0.190000E+04   0.411899E-01      0.01929  0.31079  0.66992    0.22223  0.00034
0.210000E+04   0.418402E-01      0.01188  0.31400  0.67412    0.11189  0.00018
0.230000E+04   0.424157E-01      0.00551  0.32090  0.67359    0.05900  0.00010
0.250000E+04   0.427748E-01      0.00162  0.32870  0.66967    0.02867  0.00003
0.270000E+04   0.428839E-01      0.00045  0.32957  0.66997    0.01349  0.00000
0.290000E+04   0.429247E-01      0.00002  0.33085  0.66913    0.01000  0.00000
0.310000E+04   0.429266E-01      0.00000  0.33134  0.66866    0.01000  0.00000
0.330000E+04   0.429266E-01      0.00000  0.33321  0.66679    0.01000  0.00000
0.350000E+04   0.429266E-01      0.00000  0.33206  0.66794    0.01000  0.00000
0.370000E+04   0.429266E-01      0.00000  0.33299  0.66701    0.01000  0.00000
0.390000E+04   0.429267E-01      0.00000  0.33396  0.66604    0.01000  0.00000
0.410000E+04   0.429266E-01      0.00000  0.33280  0.66720    0.01000  0.00000
0.430000E+04   0.429267E-01      0.00000  0.33340  0.66660    0.01000  0.00000
0.450000E+04   0.429266E-01      0.00000  0.33319  0.66681    0.01000  0.00000
0.470000E+04   0.429266E-01      0.00000  0.33321  0.66679    0.01000  0.00000
0.490000E+04   0.429267E-01      0.00000  0.33329  0.66671    0.01000  0.00000
0.510000E+04   0.429267E-01      0.00000  0.33333  0.66667    0.01000  0.00000
0.530000E+04   0.429267E-01      0.00000  0.33333  0.66667    0.00000  0.00000
0.550000E+04   0.429267E-01      0.00000  0.33333  0.66667    0.00000  0.00000
0.570000E+04   0.429267E-01      0.00000  0.33333  0.66667    0.00000  0.00000
0.590000E+04   0.429267E-01      0.00000  0.33333  0.66667    0.00000  0.00000
  0.40000000E+01  0.27719066E+03 !--- fluc srrc sbe:   0.00000   6.30000   2.58000
  0.000000000000E+00  0.504603973109E+00  0.490840515817E+00 !--- csf(ncp)      
  0.00000000E+00  0.00000000E+00  0.00000000E+00  0.00000000E+00  0.00000000E+00
  0.262252183614E+01  0.810004485932E+02  0.156311472786E+03 !--- ard(1:ncp)    
  0.400000000000E+02  0.000000000000E+00  0.000000000000E+00 !--- nproj         
  0.000000000000E+00  0.000000000000E+00  0.000000000000E+00 !--- iback_p(1:ncp)
  0.000000000000E+00  0.000000000000E+00  0.000000000000E+00 !--- eback_p(1:ncp)
  0.000000000000E+00  0.000000000000E+00  0.000000000000E+00 !--- itran_p(1:ncp)
  0.000000000000E+00  0.000000000000E+00  0.000000000000E+00 !--- etran_p(1:ncp)
  0.358000000000E+01  0.485200000000E+02  0.153960000000E+03 !--- iback_r(1:ncp)  40.00000   1.21300
  0.167967541647E+03  0.138645472568E+05  0.470004926785E+05 !--- eback_r(1:ncp)
  0.000000000000E+00  0.000000000000E+00  0.000000000000E+00 !--- itran_r(1:ncp)
  0.000000000000E+00  0.000000000000E+00  0.000000000000E+00 !--- etran_r(1:ncp)
  0.120000000000E+08  0.000000000000E+00  0.000000000000E+00 !--- e_tot_p(1:ncp)
  0.101947816386E+02  0.000000000000E+00  0.000000000000E+00 !--- reem   (1:ncp)
  0.000000000000E+00  0.000000000000E+00  0.000000000000E+00 !--- d_chem(1:ncp) 
0.100000E+03   0.420990E-01      0.00908  0.48367  0.50725    0.47981  0.00002
0.300000E+03   0.408032E-01      0.02387  0.40498  0.57116    0.74666  0.00010
0.500000E+03   0.402201E-01      0.03083  0.36135  0.60783    0.88284  0.00022
0.700000E+03   0.398676E-01      0.03514  0.34007  0.62480    0.96995  0.00035
0.900000E+03   0.396670E-01      0.03762  0.33232  0.63006    1.00000  0.00052
0.110000E+04   0.395740E-01      0.03879  0.32853  0.63269    0.93811  0.00070
0.130000E+04   0.397222E-01      0.03693  0.31913  0.64394    0.77317  0.00073
0.150000E+04   0.398418E-01      0.03544  0.31810  0.64646    0.55565  0.00068
0.170000E+04   0.401145E-01      0.03209  0.31509  0.65283    0.35318  0.00050
0.190000E+04   0.408892E-01      0.02280  0.30593  0.67127    0.20520  0.00032
0.210000E+04   0.416492E-01      0.01403  0.31098  0.67499    0.10485  0.00016
0.230000E+04   0.423063E-01      0.00671  0.31971  0.67359    0.05564  0.00009
0.250000E+04   0.427260E-01      0.00215  0.32688  0.67097    0.02727  0.00003
0.270000E+04   0.428759E-01      0.00054  0.32958  0.66988    0.01284  0.00000
0.290000E+04   0.429110E-01      0.00017  0.33044  0.66939    0.01000  0.00000
0.310000E+04   0.429266E-01      0.00000  0.33159  0.66841    0.01000  0.00000
0.330000E+04   0.429266E-01      0.00000  0.33190  0.66810    0.01000  0.00000
0.350000E+04   0.429266E-01      0.00000  0.33183  0.66817    0.01000  0.00000
0.370000E+04   0.429267E-01      0.00000  0.33365  0.66635    0.01000  0.00000
0.390000E+04   0.429267E-01      0.00000  0.33344  0.66656    0.01000  0.00000
0.410000E+04   0.429266E-01      0.00000  0.33304  0.66696    0.01000  0.00000
0.430000E+04   0.429267E-01      0.00000  0.33332  0.66668    0.01000  0.00000
0.450000E+04   0.429266E-01      0.00000  0.33306  0.66694    0.01000  0.00000
0.470000E+04   0.429266E-01      0.00000  0.33325  0.66675    0.01000  0.00000
0.490000E+04   0.429267E-01      0.00000  0.33328  0.66672    0.01000  0.00000
0.510000E+04   0.429267E-01      0.00000  0.33333  0.66667    0.01000  0.00000
0.530000E+04   0.429267E-01      0.00000  0.33333  0.66667    0.00000  0.00000
0.550000E+04   0.429267E-01      0.00000  0.33333  0.66667    0.00000  0.00000
0.570000E+04   0.429267E-01      0.00000  0.33333  0.66667    0.00000  0.00000
0.590000E+04   0.429267E-01      0.00000  0.33333  0.66667    0.00000  0.00000
  0.50000000E+01  0.38287672E+03 !--- fluc srrc sbe:   0.00000   6.30000   2.58000
  0.000000000000E+00  0.536110186910E+00  0.459492526382E+00 !--- csf(ncp)      
  0.00000000E+00  0.00000000E+00  0.00000000E+00  0.00000000E+00  0.00000000E+00
  0.288392590222E+01  0.793674485932E+02  0.152575472786E+03 !--- ard(1:ncp)    
  0.500000000000E+02  0.000000000000E+00  0.000000000000E+00 !--- nproj         
  0.000000000000E+00  0.000000000000E+00  0.000000000000E+00 !--- iback_p(1:ncp)
  0.000000000000E+00  0.000000000000E+00  0.000000000000E+00 !--- eback_p(1:ncp)
  0.000000000000E+00  0.000000000000E+00  0.000000000000E+00 !--- itran_p(1:ncp)
  0.000000000000E+00  0.000000000000E+00  0.000000000000E+00 !--- etran_p(1:ncp)
  0.520000000000E+01  0.648500000000E+02  0.191320000000E+03 !--- iback_r(1:ncp)  50.00000   1.29700
  0.180838623564E+03  0.181741815492E+05  0.584947730891E+05 !--- eback_r(1:ncp)
  0.000000000000E+00  0.000000000000E+00  0.000000000000E+00 !--- itran_r(1:ncp)
  0.000000000000E+00  0.000000000000E+00  0.000000000000E+00 !--- etran_r(1:ncp)
  0.150000000000E+08  0.000000000000E+00  0.000000000000E+00 !--- e_tot_p(1:ncp)
  0.159607409778E+02  0.000000000000E+00  0.000000000000E+00 !--- reem   (1:ncp)
  0.000000000000E+00  0.000000000000E+00  0.000000000000E+00 !--- d_chem(1:ncp) 
0.100000E+03   0.419476E-01      0.01077  0.49437  0.49486    0.47676  0.00003
0.300000E+03   0.406406E-01      0.02580  0.41337  0.56083    0.75085  0.00010
0.500000E+03   0.400795E-01      0.03254  0.37016  0.59729    0.88329  0.00022
0.700000E+03   0.392911E-01      0.04237  0.33727  0.62036    0.97076  0.00036
0.900000E+03   0.392405E-01      0.04301  0.32733  0.62967    1.00000  0.00050
0.110000E+04   0.391851E-01      0.04372  0.33476  0.62152    0.93781  0.00071
0.130000E+04   0.390691E-01      0.04520  0.31516  0.63965    0.78820  0.00071
0.150000E+04   0.393370E-01      0.04177  0.31256  0.64567    0.58284  0.00067
0.170000E+04   0.400569E-01      0.03279  0.30456  0.66265    0.38329  0.00052
0.190000E+04   0.408771E-01      0.02294  0.30641  0.67065    0.23068  0.00034
0.210000E+04   0.416822E-01      0.01366  0.31161  0.67473    0.13006  0.00020
0.230000E+04   0.424177E-01      0.00549  0.32293  0.67158    0.07276  0.00011
0.250000E+04   0.427985E-01      0.00137  0.32705  0.67158    0.03440  0.00004
0.270000E+04   0.428748E-01      0.00055  0.32818  0.67127    0.01666  0.00001
0.290000E+04   0.429158E-01      0.00011  0.32910  0.67078    0.01000  0.00000
0.310000E+04   0.429260E-01      0.00001  0.33148  0.66851    0.01000  0.00000
0.330000E+04   0.429266E-01      0.00000  0.33152  0.66848    0.01000  0.00000
0.350000E+04   0.429267E-01      0.00000  0.33341  0.66659    0.01000  0.00000
0.370000E+04   0.429267E-01      0.00000  0.33331  0.66669    0.01000  0.00000
0.390000E+04   0.429266E-01      0.00000  0.33261  0.66739    0.01000  0.00000
0.410000E+04   0.429267E-01      0.00000  0.33352  0.66648    0.01000  0.00000
0.430000E+04   0.429266E-01      0.00000  0.33303  0.66697    0.01000  0.00000
0.450000E+04   0.429267E-01      0.00000  0.33337  0.66663    0.01000  0.00000
0.470000E+04   0.429266E-01      0.00000  0.33309  0.66691    0.01000  0.00000
0.490000E+04   0.429267E-01      0.00000  0.33331  0.66669    0.01000  0.00000
0.510000E+04   0.429267E-01      0.00000  0.33333  0.66667    0.01000  0.00000
0.530000E+04   0.429267E-01      0.00000  0.33333  0.66667    0.00000  0.00000
0.550000E+04   0.429267E-01      0.00000  0.33333  0.66667    0.00000  0.00000
0.570000E+04   0.429267E-01      0.00000  0.33333  0.66667    0.00000  0.00000
0.590000E+04   0.429267E-01      0.00000  0.33333  0.66667    0.00000  0.00000
  0.60000000E+01  0.48107456E+03 !--- fluc srrc sbe:   0.00000   6.30000   2.58000
  0.000000000000E+00  0.517851805256E+00  0.476815524517E+00 !--- csf(ncp)      
  0.00000000E+00  0.00000000E+00  0.00000000E+00  0.00000000E+00  0.00000000E+00
  0.306882772882E+01  0.778684485932E+02  0.149270472786E+03 !--- ard(1:ncp)    
  0.600000000000E+02  0.000000000000E+00  0.000000000000E+00 !--- nproj         
  0.000000000000E+00  0.000000000000E+00  0.000000000000E+00 !--- iback_p(1:ncp)
  0.000000000000E+00  0.000000000000E+00  0.000000000000E+00 !--- eback_p(1:ncp)
  0.000000000000E+00  0.000000000000E+00  0.000000000000E+00 !--- itran_p(1:ncp)
  0.000000000000E+00  0.000000000000E+00  0.000000000000E+00 !--- etran_p(1:ncp)
  0.665000000000E+01  0.798400000000E+02  0.224370000000E+03 !--- iback_r(1:ncp)  60.00000   1.33067
  0.252975892799E+03  0.227542921902E+05  0.687429383043E+05 !--- eback_r(1:ncp)
  0.000000000000E+00  0.000000000000E+00  0.000000000000E+00 !--- itran_r(1:ncp)
  0.000000000000E+00  0.000000000000E+00  0.000000000000E+00 !--- etran_r(1:ncp)
  0.180000000000E+08  0.000000000000E+00  0.000000000000E+00 !--- e_tot_p(1:ncp)
  0.226617227118E+02  0.000000000000E+00  0.000000000000E+00 !--- reem   (1:ncp)
  0.000000000000E+00  0.000000000000E+00  0.000000000000E+00 !--- d_chem(1:ncp) 
0.100000E+03   0.419408E-01      0.01085  0.49805  0.49110    0.47218  0.00003
0.300000E+03   0.406443E-01      0.02576  0.41917  0.55507    0.74949  0.00011
0.500000E+03   0.395012E-01      0.03972  0.37087  0.58941    0.88952  0.00023
0.700000E+03   0.389695E-01      0.04650  0.35123  0.60227    0.97397  0.00037
0.900000E+03   0.387925E-01      0.04880  0.33670  0.61450    1.00000  0.00049
0.110000E+04   0.386235E-01      0.05101  0.32499  0.62401    0.94285  0.00067
0.130000E+04   0.388028E-01      0.04865  0.30946  0.64190    0.80819  0.00069
0.150000E+04   0.394151E-01      0.04078  0.30565  0.65358    0.62797  0.00068
0.170000E+04   0.400956E-01      0.03231  0.30262  0.66507    0.43953  0.00054
0.190000E+04   0.409214E-01      0.02242  0.30594  0.67164    0.29154  0.00041
0.210000E+04   0.417527E-01      0.01286  0.31276  0.67437    0.18294  0.00025
0.230000E+04   0.423874E-01      0.00582  0.32199  0.67219    0.10608  0.00016
0.250000E+04   0.427662E-01      0.00171  0.32574  0.67255    0.05149  0.00007
0.270000E+04   0.428764E-01      0.00053  0.32645  0.67302    0.02602  0.00003
0.290000E+04   0.429086E-01      0.00019  0.32930  0.67051    0.01392  0.00001
0.310000E+04   0.429223E-01      0.00004  0.33105  0.66891    0.01000  0.00000
0.330000E+04   0.429266E-01      0.00000  0.33249  0.66751    0.01000  0.00000
0.350000E+04   0.429266E-01      0.00000  0.33320  0.66680    0.01000  0.00000
0.370000E+04   0.429266E-01      0.00000  0.33202  0.66798    0.01000  0.00000
0.390000E+04   0.429266E-01      0.00000  0.33278  0.66722    0.01000  0.00000
0.410000E+04   0.429267E-01      0.00000  0.33376  0.66624    0.01000  0.00000
0.430000E+04   0.429266E-01      0.00000  0.33315  0.66685    0.01000  0.00000
0.450000E+04   0.429267E-01      0.00000  0.33327  0.66673    0.01000  0.00000
0.470000E+04   0.429266E-01      0.00000  0.33317  0.66683    0.01000  0.00000
0.490000E+04   0.429267E-01      0.00000  0.33333  0.66667    0.01000  0.00000
0.510000E+04   0.429267E-01      0.00000  0.33333  0.66667    0.01000  0.00000
0.530000E+04   0.429267E-01      0.00000  0.33333  0.66667    0.00000  0.00000
0.550000E+04   0.429267E-01      0.00000  0.33333  0.66667    0.00000  0.00000
0.570000E+04   0.429267E-01      0.00000  0.33333  0.66667    0.00000  0.00000
0.590000E+04   0.429267E-01      0.00000  0.33333  0.66667    0.00000  0.00000
  0.70000000E+01  0.59169106E+03 !--- fluc srrc sbe:   0.00000   6.30000   2.58000
  0.000000000000E+00  0.551498821154E+00  0.442122504003E+00 !--- csf(ncp)      
  0.00000000E+00  0.00000000E+00  0.00000000E+00  0.00000000E+00  0.00000000E+00
  0.319309119849E+01  0.762474485932E+02  0.145747472786E+03 !--- ard(1:ncp)    
  0.700000000000E+02  0.000000000000E+00  0.000000000000E+00 !--- nproj         
  0.000000000000E+00  0.000000000000E+00  0.000000000000E+00 !--- iback_p(1:ncp)
  0.000000000000E+00  0.000000000000E+00  0.000000000000E+00 !--- eback_p(1:ncp)
  0.000000000000E+00  0.000000000000E+00  0.000000000000E+00 !--- itran_p(1:ncp)
  0.000000000000E+00  0.000000000000E+00  0.000000000000E+00 !--- etran_p(1:ncp)
  0.843000000000E+01  0.960500000000E+02  0.259600000000E+03 !--- iback_r(1:ncp)  70.00000   1.37214
  0.300611916613E+03  0.275594801626E+05  0.807329763397E+05 !--- eback_r(1:ncp)
  0.000000000000E+00  0.000000000000E+00  0.000000000000E+00 !--- itran_r(1:ncp)
  0.000000000000E+00  0.000000000000E+00  0.000000000000E+00 !--- etran_r(1:ncp)
  0.210000000000E+08  0.000000000000E+00  0.000000000000E+00 !--- e_tot_p(1:ncp)
  0.296390880151E+02  0.000000000000E+00  0.000000000000E+00 !--- reem   (1:ncp)
  0.000000000000E+00  0.000000000000E+00  0.000000000000E+00 !--- d_chem(1:ncp) 
0.100000E+03   0.417451E-01      0.01306  0.51672  0.47022    0.47185  0.00003
0.300000E+03   0.401603E-01      0.03159  0.41978  0.54863    0.74923  0.00011
0.500000E+03   0.394283E-01      0.04065  0.37535  0.58400    0.88959  0.00022
0.700000E+03   0.390035E-01      0.04606  0.35167  0.60226    0.96890  0.00036
0.900000E+03   0.384669E-01      0.05309  0.33826  0.60865    1.00000  0.00047
0.110000E+04   0.385917E-01      0.05143  0.32244  0.62614    0.95990  0.00066
0.130000E+04   0.388406E-01      0.04815  0.30501  0.64684    0.83571  0.00068
0.150000E+04   0.391215E-01      0.04452  0.30744  0.64804    0.66856  0.00067
0.170000E+04   0.399648E-01      0.03391  0.29429  0.67180    0.49245  0.00057
0.190000E+04   0.408904E-01      0.02279  0.30557  0.67164    0.34034  0.00046
0.210000E+04   0.417629E-01      0.01275  0.31295  0.67430    0.21929  0.00029
0.230000E+04   0.424604E-01      0.00502  0.31778  0.67720    0.12900  0.00020
0.250000E+04   0.428098E-01      0.00124  0.32359  0.67516    0.06597  0.00009
0.270000E+04   0.428883E-01      0.00041  0.32738  0.67222    0.03375  0.00004
0.290000E+04   0.429031E-01      0.00025  0.33152  0.66823    0.01746  0.00002
0.310000E+04   0.429261E-01      0.00000  0.33068  0.66932    0.01019  0.00001
0.330000E+04   0.429266E-01      0.00000  0.33297  0.66703    0.01000  0.00000
0.350000E+04   0.429266E-01      0.00000  0.33198  0.66802    0.01000  0.00000
0.370000E+04   0.429266E-01      0.00000  0.33196  0.66804    0.01000  0.00000
0.390000E+04   0.429267E-01      0.00000  0.33351  0.66649    0.01000  0.00000
0.410000E+04   0.429266E-01      0.00000  0.33278  0.66722    0.01000  0.00000
0.430000E+04   0.429267E-01      0.00000  0.33346  0.66654    0.01000  0.00000
0.450000E+04   0.429266E-01      0.00000  0.33319  0.66681    0.01000  0.00000
0.470000E+04   0.429266E-01      0.00000  0.33310  0.66690    0.01000  0.00000
0.490000E+04   0.429267E-01      0.00000  0.33332  0.66668    0.01000  0.00000
0.510000E+04   0.429267E-01      0.00000  0.33333  0.66667    0.01000  0.00000
0.530000E+04   0.429267E-01      0.00000  0.33333  0.66667    0.01000  0.00000
0.550000E+04   0.429267E-01      0.00000  0.33333  0.66667    0.00000  0.00000
0.570000E+04   0.429267E-01      0.00000  0.33333  0.66667    0.00000  0.00000
0.590000E+04   0.429267E-01      0.00000  0.33333  0.66667    0.00000  0.00000
  0.80000000E+01  0.71249739E+03 !--- fluc srrc sbe:   0.00000   6.30000   2.58000
  0.000000000000E+00  0.535871582033E+00  0.458752088004E+00 !--- csf(ncp)      
  0.00000000E+00  0.00000000E+00  0.00000000E+00  0.00000000E+00  0.00000000E+00
  0.314072625697E+01  0.746234485932E+02  0.142352472786E+03 !--- ard(1:ncp)    
  0.800000000000E+02  0.000000000000E+00  0.000000000000E+00 !--- nproj         
  0.000000000000E+00  0.000000000000E+00  0.000000000000E+00 !--- iback_p(1:ncp)
  0.000000000000E+00  0.000000000000E+00  0.000000000000E+00 !--- eback_p(1:ncp)
  0.000000000000E+00  0.000000000000E+00  0.000000000000E+00 !--- itran_p(1:ncp)
  0.000000000000E+00  0.000000000000E+00  0.000000000000E+00 !--- etran_p(1:ncp)
  0.102800000000E+02  0.112290000000E+03  0.293550000000E+03 !--- iback_r(1:ncp)  80.00000   1.40363
  0.429431716181E+03  0.321628341218E+05  0.913005860382E+05 !--- eback_r(1:ncp)
  0.000000000000E+00  0.000000000000E+00  0.000000000000E+00 !--- itran_r(1:ncp)
  0.000000000000E+00  0.000000000000E+00  0.000000000000E+00 !--- etran_r(1:ncp)
  0.240000000000E+08  0.000000000000E+00  0.000000000000E+00 !--- e_tot_p(1:ncp)
  0.383127374303E+02  0.000000000000E+00  0.000000000000E+00 !--- reem   (1:ncp)
  0.000000000000E+00  0.000000000000E+00  0.000000000000E+00 !--- d_chem(1:ncp) 
0.100000E+03   0.420623E-01      0.00951  0.51760  0.47289    0.47169  0.00003
0.300000E+03   0.402878E-01      0.03004  0.42771  0.54225    0.75454  0.00011
0.500000E+03   0.394111E-01      0.04087  0.37791  0.58122    0.89461  0.00023
0.700000E+03   0.388691E-01      0.04781  0.34969  0.60250    0.96986  0.00036
0.900000E+03   0.386189E-01      0.05107  0.33789  0.61104    1.00000  0.00046
0.110000E+04   0.386799E-01      0.05027  0.32712  0.62261    0.96170  0.00065
0.130000E+04   0.387584E-01      0.04923  0.30856  0.64221    0.84825  0.00067
0.150000E+04   0.390588E-01      0.04532  0.29491  0.65977    0.68417  0.00068
0.170000E+04   0.399094E-01      0.03459  0.28794  0.67747    0.51134  0.00057
0.190000E+04   0.409603E-01      0.02197  0.31704  0.66099    0.36298  0.00048
0.210000E+04   0.420255E-01      0.00981  0.31202  0.67817    0.24031  0.00031
0.230000E+04   0.424648E-01      0.00497  0.31722  0.67781    0.14847  0.00022
0.250000E+04   0.427369E-01      0.00203  0.32206  0.67592    0.07860  0.00011
0.270000E+04   0.428644E-01      0.00066  0.32886  0.67047    0.03923  0.00006
0.290000E+04   0.429070E-01      0.00021  0.32970  0.67009    0.01999  0.00002
0.310000E+04   0.429214E-01      0.00006  0.33135  0.66859    0.01175  0.00001
0.330000E+04   0.429266E-01      0.00000  0.33209  0.66791    0.01000  0.00000
0.350000E+04   0.429266E-01      0.00000  0.33167  0.66833    0.01000  0.00000
0.370000E+04   0.429266E-01      0.00000  0.33278  0.66722    0.01000  0.00000
0.390000E+04   0.429266E-01      0.00000  0.33299  0.66701    0.01000  0.00000
0.410000E+04   0.429266E-01      0.00000  0.33311  0.66689    0.01000  0.00000
0.430000E+04   0.429267E-01      0.00000  0.33326  0.66674    0.01000  0.00000
0.450000E+04   0.429266E-01      0.00000  0.33311  0.66689    0.01000  0.00000
0.470000E+04   0.429266E-01      0.00000  0.33321  0.66679    0.01000  0.00000
0.490000E+04   0.429267E-01      0.00000  0.33333  0.66667    0.01000  0.00000
0.510000E+04   0.429267E-01      0.00000  0.33333  0.66667    0.01000  0.00000
0.530000E+04   0.429267E-01      0.00000  0.33333  0.66667    0.01000  0.00000
0.550000E+04   0.429267E-01      0.00000  0.33333  0.66667    0.00000  0.00000
0.570000E+04   0.429267E-01      0.00000  0.33333  0.66667    0.00000  0.00000
0.590000E+04   0.429267E-01      0.00000  0.33333  0.66667    0.00000  0.00000
  0.90000000E+01  0.82015452E+03 !--- fluc srrc sbe:   0.00000   6.30000   2.58000
  0.000000000000E+00  0.548648833727E+00  0.444418002074E+00 !--- csf(ncp)      
  0.00000000E+00  0.00000000E+00  0.00000000E+00  0.00000000E+00  0.00000000E+00
  0.316636475423E+01  0.730604485932E+02  0.139212472786E+03 !--- ard(1:ncp)    
  0.900000000000E+02  0.000000000000E+00  0.000000000000E+00 !--- nproj         
  0.000000000000E+00  0.000000000000E+00  0.000000000000E+00 !--- iback_p(1:ncp)
  0.000000000000E+00  0.000000000000E+00  0.000000000000E+00 !--- eback_p(1:ncp)
  0.000000000000E+00  0.000000000000E+00  0.000000000000E+00 !--- itran_p(1:ncp)
  0.000000000000E+00  0.000000000000E+00  0.000000000000E+00 !--- etran_p(1:ncp)
  0.121800000000E+02  0.127920000000E+03  0.324950000000E+03 !--- iback_r(1:ncp)  90.00000   1.42133
  0.493973191789E+03  0.368704182032E+05  0.101903246881E+06 !--- eback_r(1:ncp)
  0.000000000000E+00  0.000000000000E+00  0.000000000000E+00 !--- itran_r(1:ncp)
  0.000000000000E+00  0.000000000000E+00  0.000000000000E+00 !--- etran_r(1:ncp)
  0.270000000000E+08  0.000000000000E+00  0.000000000000E+00 !--- e_tot_p(1:ncp)
  0.461563524577E+02  0.000000000000E+00  0.000000000000E+00 !--- reem   (1:ncp)
  0.000000000000E+00  0.000000000000E+00  0.000000000000E+00 !--- d_chem(1:ncp) 
0.100000E+03   0.419751E-01      0.01048  0.52752  0.46200    0.47516  0.00003
0.300000E+03   0.401901E-01      0.03123  0.43417  0.53460    0.75627  0.00012
0.500000E+03   0.393788E-01      0.04127  0.37365  0.58508    0.89648  0.00023
0.700000E+03   0.390154E-01      0.04591  0.34765  0.60644    0.97364  0.00036
0.900000E+03   0.386128E-01      0.05116  0.33966  0.60919    1.00000  0.00045
0.110000E+04   0.385693E-01      0.05172  0.31790  0.63038    0.96897  0.00063
0.130000E+04   0.390017E-01      0.04606  0.30299  0.65095    0.86220  0.00066
0.150000E+04   0.392601E-01      0.04274  0.29827  0.65899    0.70433  0.00067
0.170000E+04   0.399511E-01      0.03409  0.30500  0.66092    0.53478  0.00058
0.190000E+04   0.409013E-01      0.02266  0.30365  0.67370    0.38708  0.00049
0.210000E+04   0.415963E-01      0.01463  0.30970  0.67567    0.26436  0.00034
0.230000E+04   0.423845E-01      0.00585  0.31836  0.67579    0.16492  0.00024
0.250000E+04   0.427192E-01      0.00222  0.32208  0.67570    0.08710  0.00012
0.270000E+04   0.428794E-01      0.00050  0.32634  0.67316    0.04401  0.00007
0.290000E+04   0.429120E-01      0.00015  0.32670  0.67315    0.02245  0.00002
0.310000E+04   0.429167E-01      0.00011  0.33437  0.66552    0.01232  0.00001
0.330000E+04   0.429187E-01      0.00008  0.33131  0.66860    0.01000  0.00000
0.350000E+04   0.429266E-01      0.00000  0.33249  0.66751    0.01000  0.00000
0.370000E+04   0.429266E-01      0.00000  0.33240  0.66760    0.01000  0.00000
0.390000E+04   0.429266E-01      0.00000  0.33274  0.66726    0.01000  0.00000
0.410000E+04   0.429267E-01      0.00000  0.33326  0.66674    0.01000  0.00000
0.430000E+04   0.429266E-01      0.00000  0.33299  0.66701    0.01000  0.00000
0.450000E+04   0.429266E-01      0.00000  0.33309  0.66691    0.01000  0.00000
0.470000E+04   0.429267E-01      0.00000  0.33333  0.66667    0.01000  0.00000
0.490000E+04   0.429267E-01      0.00000  0.33333  0.66667    0.01000  0.00000
0.510000E+04   0.429267E-01      0.00000  0.33333  0.66667    0.01000  0.00000
0.530000E+04   0.429267E-01      0.00000  0.33333  0.66667    0.01000  0.00000
0.550000E+04   0.429267E-01      0.00000  0.33333  0.66667    0.00000  0.00000
0.570000E+04   0.429267E-01      0.00000  0.33333  0.66667    0.00000  0.00000
0.590000E+04   0.429267E-01      0.00000  0.33333  0.66667    0.00000  0.00000
  0.10000000E+02  0.93854933E+03 !--- fluc srrc sbe:   0.00000   6.30000   2.58000
  0.000000000000E+00  0.531525627248E+00  0.464184847723E+00 !--- csf(ncp)      
  0.00000000E+00  0.00000000E+00  0.00000000E+00  0.00000000E+00  0.00000000E+00
  0.319200279026E+01  0.712844485932E+02  0.135824472786E+03 !--- ard(1:ncp)    
  0.100000000000E+03  0.000000000000E+00  0.000000000000E+00 !--- nproj         
  0.000000000000E+00  0.000000000000E+00  0.000000000000E+00 !--- iback_p(1:ncp)
  0.000000000000E+00  0.000000000000E+00  0.000000000000E+00 !--- eback_p(1:ncp)
  0.000000000000E+00  0.000000000000E+00  0.000000000000E+00 !--- itran_p(1:ncp)
  0.000000000000E+00  0.000000000000E+00  0.000000000000E+00 !--- etran_p(1:ncp)
  0.140800000000E+02  0.145680000000E+03  0.358830000000E+03 !--- iback_r(1:ncp) 100.00000   1.45680
  0.527762119148E+03  0.420832660299E+05  0.113201609519E+06 !--- eback_r(1:ncp)
  0.000000000000E+00  0.000000000000E+00  0.000000000000E+00 !--- itran_r(1:ncp)
  0.000000000000E+00  0.000000000000E+00  0.000000000000E+00 !--- etran_r(1:ncp)
  0.300000000000E+08  0.000000000000E+00  0.000000000000E+00 !--- e_tot_p(1:ncp)
  0.539999720974E+02  0.000000000000E+00  0.000000000000E+00 !--- reem   (1:ncp)
  0.000000000000E+00  0.000000000000E+00  0.000000000000E+00 !--- d_chem(1:ncp) 
0.100000E+03   0.419630E-01      0.01061  0.51555  0.47383    0.47103  0.00003
0.300000E+03   0.401292E-01      0.03197  0.43588  0.53215    0.75024  0.00011
0.500000E+03   0.394433E-01      0.04046  0.37743  0.58212    0.89171  0.00023
0.700000E+03   0.390027E-01      0.04608  0.36600  0.58791    0.97079  0.00035
0.900000E+03   0.386281E-01      0.05095  0.33299  0.61606    1.00000  0.00045
0.110000E+04   0.386732E-01      0.05035  0.31122  0.63843    0.97139  0.00063
0.130000E+04   0.386928E-01      0.05009  0.31029  0.63962    0.86585  0.00067
0.150000E+04   0.393586E-01      0.04149  0.29411  0.66440    0.71560  0.00067
0.170000E+04   0.398871E-01      0.03487  0.29433  0.67080    0.54359  0.00058
0.190000E+04   0.405964E-01      0.02627  0.30210  0.67164    0.39232  0.00051
0.210000E+04   0.415961E-01      0.01464  0.31331  0.67205    0.26866  0.00035
0.230000E+04   0.425292E-01      0.00427  0.31733  0.67840    0.16746  0.00025
0.250000E+04   0.427815E-01      0.00155  0.32308  0.67538    0.08881  0.00012
0.270000E+04   0.428781E-01      0.00051  0.32398  0.67551    0.04394  0.00006
0.290000E+04   0.429022E-01      0.00026  0.33063  0.66911    0.02279  0.00002
0.310000E+04   0.429160E-01      0.00011  0.33268  0.66721    0.01250  0.00001
0.330000E+04   0.429246E-01      0.00002  0.33147  0.66851    0.01000  0.00000
0.350000E+04   0.429266E-01      0.00000  0.33174  0.66826    0.01000  0.00000
0.370000E+04   0.429266E-01      0.00000  0.33248  0.66752    0.01000  0.00000
0.390000E+04   0.429267E-01      0.00000  0.33332  0.66668    0.01000  0.00000
0.410000E+04   0.429266E-01      0.00000  0.33287  0.66713    0.01000  0.00000
0.430000E+04   0.429266E-01      0.00000  0.33288  0.66712    0.01000  0.00000
0.450000E+04   0.429266E-01      0.00000  0.33323  0.66677    0.01000  0.00000
0.470000E+04   0.429267E-01      0.00000  0.33333  0.66667    0.01000  0.00000
0.490000E+04   0.429267E-01      0.00000  0.33333  0.66667    0.01000  0.00000
0.510000E+04   0.429267E-01      0.00000  0.33333  0.66667    0.01000  0.00000
0.530000E+04   0.429267E-01      0.00000  0.33333  0.66667    0.01000  0.00000
0.550000E+04   0.429267E-01      0.00000  0.33333  0.66667    0.00000  0.00000
0.570000E+04   0.429267E-01      0.00000  0.33333  0.66667    0.00000  0.00000
0.590000E+04   0.429267E-01      0.00000  0.33333  0.66667    0.00000  0.00000
