SDTrimSP: VERSION 6.09    07.04.2025
SDTrimSP - Sat Apr 5 11:46:41 2025                                              
flue.-step out-layer     atoms  each-out max-layer calc_mom.  n-projec stat./dyn
        nh       nqx       ncp     idout      nqxm  ncp_proj     idrel
       100        30         3        10      5000         1         0
     Kr        Zr        O    
  fluence-step,dsurface                   : fluc,srrc
  surface atomic fraction                 : csf(ncp)
  Momente                                 : flib(5,qbeam)
  areal densities (atoms/A^2)             : ard(1:ncp)
  number projectils                       : nproj
  number particle backscattered           : iback_p(1:ncp)
  energy particle backscattered           : eback_p(1:ncp)
  number particle transmission            : itran_p(1:ncp)
  energy particle transmission            : etran_p(1:ncp)
  number particle backsputtering          : iback_r(1:ncp)
  energy particle backsputtering          : eback_r(1:ncp)
  number particle transmission sputtering : itran_r(1:ncp)
  energy particle transmission sputtering : etran_r(1:ncp)
  energy all projectils                   : e_tot_p(1:ncp)
  number particle reemission              : reem   (1:ncp)
  number particle chemical erosion        : d_chem (1:ncp)
  0.00000000E+00  0.00000000E+00
  0.00000000E+00  0.33333000E+00  0.66667000E+00 !--- csf(ncp)      
  0.00000000E+00  0.00000000E+00  0.00000000E+00  0.00000000E+00  0.00000000E+00
  0.00000000E+00  0.85852449E+02  0.17170747E+03 !--- ard(1:ncp)    
  0.00000000E+00  0.00000000E+00  0.00000000E+00
  0.00000000E+00  0.00000000E+00  0.00000000E+00
  0.00000000E+00  0.00000000E+00  0.00000000E+00
  0.00000000E+00  0.00000000E+00  0.00000000E+00
  0.00000000E+00  0.00000000E+00  0.00000000E+00
  0.00000000E+00  0.00000000E+00  0.00000000E+00
  0.00000000E+00  0.00000000E+00  0.00000000E+00
  0.00000000E+00  0.00000000E+00  0.00000000E+00
  0.00000000E+00  0.00000000E+00  0.00000000E+00
  0.00000000E+00  0.00000000E+00  0.00000000E+00
  0.00000000E+00  0.00000000E+00  0.00000000E+00
  0.00000000E+00  0.00000000E+00  0.00000000E+00
   center[A]  density[a/A^3]  atomic fraction  
   xxx(*)       dns(*)        (qux(*,jp),jp=1,ncp)
0.100000E+03   0.429267E-01      0.00000  0.33333  0.66667    0.00000  0.00000
0.300000E+03   0.429267E-01      0.00000  0.33333  0.66667    0.00000  0.00000
0.500000E+03   0.429267E-01      0.00000  0.33333  0.66667    0.00000  0.00000
0.700000E+03   0.429267E-01      0.00000  0.33333  0.66667    0.00000  0.00000
0.900000E+03   0.429267E-01      0.00000  0.33333  0.66667    0.00000  0.00000
0.110000E+04   0.429267E-01      0.00000  0.33333  0.66667    0.00000  0.00000
0.130000E+04   0.429267E-01      0.00000  0.33333  0.66667    0.00000  0.00000
0.150000E+04   0.429267E-01      0.00000  0.33333  0.66667    0.00000  0.00000
0.170000E+04   0.429267E-01      0.00000  0.33333  0.66667    0.00000  0.00000
0.190000E+04   0.429267E-01      0.00000  0.33333  0.66667    0.00000  0.00000
0.210000E+04   0.429267E-01      0.00000  0.33333  0.66667    0.00000  0.00000
0.230000E+04   0.429267E-01      0.00000  0.33333  0.66667    0.00000  0.00000
0.250000E+04   0.429267E-01      0.00000  0.33333  0.66667    0.00000  0.00000
0.270000E+04   0.429267E-01      0.00000  0.33333  0.66667    0.00000  0.00000
0.290000E+04   0.429267E-01      0.00000  0.33333  0.66667    0.00000  0.00000
0.310000E+04   0.429267E-01      0.00000  0.33333  0.66667    0.00000  0.00000
0.330000E+04   0.429267E-01      0.00000  0.33333  0.66667    0.00000  0.00000
0.350000E+04   0.429267E-01      0.00000  0.33333  0.66667    0.00000  0.00000
0.370000E+04   0.429267E-01      0.00000  0.33333  0.66667    0.00000  0.00000
0.390000E+04   0.429267E-01      0.00000  0.33333  0.66667    0.00000  0.00000
0.410000E+04   0.429267E-01      0.00000  0.33333  0.66667    0.00000  0.00000
0.430000E+04   0.429267E-01      0.00000  0.33333  0.66667    0.00000  0.00000
0.450000E+04   0.429267E-01      0.00000  0.33333  0.66667    0.00000  0.00000
0.470000E+04   0.429267E-01      0.00000  0.33333  0.66667    0.00000  0.00000
0.490000E+04   0.429267E-01      0.00000  0.33333  0.66667    0.00000  0.00000
0.510000E+04   0.429267E-01      0.00000  0.33333  0.66667    0.00000  0.00000
0.530000E+04   0.429267E-01      0.00000  0.33333  0.66667    0.00000  0.00000
0.550000E+04   0.429267E-01      0.00000  0.33333  0.66667    0.00000  0.00000
0.570000E+04   0.429267E-01      0.00000  0.33333  0.66667    0.00000  0.00000
0.590000E+04   0.429267E-01      0.00000  0.33333  0.66667    0.00000  0.00000
  0.10000000E+01  0.14988715E+02 !--- fluc srrc sbe:   0.00000   6.30000   2.58000
  0.000000000000E+00  0.399870325073E+00  0.599605527580E+00 !--- csf(ncp)      
  0.00000000E+00  0.00000000E+00  0.00000000E+00  0.00000000E+00  0.00000000E+00
  0.990921007173E+00  0.852714485932E+02  0.169192472786E+03 !--- ard(1:ncp)    
  0.100000000000E+02  0.000000000000E+00  0.000000000000E+00 !--- nproj         
  0.000000000000E+00  0.000000000000E+00  0.000000000000E+00 !--- iback_p(1:ncp)
  0.000000000000E+00  0.000000000000E+00  0.000000000000E+00 !--- eback_p(1:ncp)
  0.000000000000E+00  0.000000000000E+00  0.000000000000E+00 !--- itran_p(1:ncp)
  0.000000000000E+00  0.000000000000E+00  0.000000000000E+00 !--- etran_p(1:ncp)
  0.700000000000E-01  0.581000000000E+01  0.251500000000E+02 !--- iback_r(1:ncp)  10.00000   0.58100
  0.147116528297E+00  0.200622743170E+04  0.851740049274E+04 !--- eback_r(1:ncp)
  0.000000000000E+00  0.000000000000E+00  0.000000000000E+00 !--- itran_r(1:ncp)
  0.000000000000E+00  0.000000000000E+00  0.000000000000E+00 !--- etran_r(1:ncp)
  0.300000000000E+07  0.000000000000E+00  0.000000000000E+00 !--- e_tot_p(1:ncp)
  0.207899282659E-01  0.000000000000E+00  0.000000000000E+00 !--- reem   (1:ncp)
  0.000000000000E+00  0.000000000000E+00  0.000000000000E+00 !--- d_chem(1:ncp) 
0.100000E+03   0.428773E-01      0.00082  0.37945  0.61973    0.42323  0.00003
0.300000E+03   0.428067E-01      0.00191  0.34058  0.65751    0.64562  0.00006
0.500000E+03   0.427002E-01      0.00360  0.33483  0.66157    0.76482  0.00006
0.700000E+03   0.426228E-01      0.00483  0.33356  0.66161    0.86811  0.00019
0.900000E+03   0.425096E-01      0.00665  0.33326  0.66008    0.92940  0.00017
0.110000E+04   0.423560E-01      0.00913  0.33161  0.65926    0.99024  0.00035
0.130000E+04   0.422912E-01      0.01018  0.33197  0.65784    1.00000  0.00032
0.150000E+04   0.422289E-01      0.01120  0.32965  0.65915    0.98316  0.00055
0.170000E+04   0.421755E-01      0.01207  0.32798  0.65995    0.90287  0.00057
0.190000E+04   0.421867E-01      0.01189  0.32873  0.65938    0.75610  0.00056
0.210000E+04   0.422272E-01      0.01122  0.32680  0.66198    0.64175  0.00049
0.230000E+04   0.422676E-01      0.01057  0.33747  0.65195    0.50169  0.00050
0.250000E+04   0.424323E-01      0.00790  0.33233  0.65978    0.35402  0.00036
0.270000E+04   0.425922E-01      0.00532  0.32615  0.66853    0.22821  0.00025
0.290000E+04   0.426805E-01      0.00391  0.32881  0.66729    0.14899  0.00020
0.310000E+04   0.427821E-01      0.00229  0.32896  0.66875    0.08523  0.00011
0.330000E+04   0.428256E-01      0.00160  0.33165  0.66675    0.06041  0.00006
0.350000E+04   0.428587E-01      0.00107  0.33253  0.66640    0.04127  0.00006
0.370000E+04   0.429013E-01      0.00040  0.33193  0.66767    0.02255  0.00002
0.390000E+04   0.429025E-01      0.00038  0.33311  0.66651    0.01147  0.00002
0.410000E+04   0.429266E-01      0.00000  0.33227  0.66773    0.01000  0.00000
0.430000E+04   0.429267E-01      0.00000  0.33380  0.66620    0.01000  0.00000
0.450000E+04   0.429266E-01      0.00000  0.33257  0.66743    0.01000  0.00000
0.470000E+04   0.429267E-01      0.00000  0.33366  0.66634    0.01000  0.00000
0.490000E+04   0.429267E-01      0.00000  0.33338  0.66662    0.01000  0.00000
0.510000E+04   0.429266E-01      0.00000  0.33306  0.66694    0.01000  0.00000
0.530000E+04   0.429267E-01      0.00000  0.33354  0.66646    0.01000  0.00000
0.550000E+04   0.429267E-01      0.00000  0.33329  0.66671    0.01000  0.00000
0.570000E+04   0.429267E-01      0.00000  0.33333  0.66667    0.00000  0.00000
0.590000E+04   0.429267E-01      0.00000  0.33333  0.66667    0.00000  0.00000
  0.20000000E+01  0.37785859E+02 !--- fluc srrc sbe:   0.00000   6.30000   2.58000
  0.000000000000E+00  0.404325023672E+00  0.594253220046E+00 !--- csf(ncp)      
  0.00000000E+00  0.00000000E+00  0.00000000E+00  0.00000000E+00  0.00000000E+00
  0.193004585142E+01  0.845904485932E+02  0.166570472786E+03 !--- ard(1:ncp)    
  0.200000000000E+02  0.000000000000E+00  0.000000000000E+00 !--- nproj         
  0.100000000000E-01  0.000000000000E+00  0.000000000000E+00 !--- iback_p(1:ncp)
  0.254389526918E-02  0.000000000000E+00  0.000000000000E+00 !--- eback_p(1:ncp)
  0.000000000000E+00  0.000000000000E+00  0.000000000000E+00 !--- itran_p(1:ncp)
  0.000000000000E+00  0.000000000000E+00  0.000000000000E+00 !--- etran_p(1:ncp)
  0.270000000000E+00  0.126200000000E+02  0.513700000000E+02 !--- iback_r(1:ncp)  20.00000   0.63100
  0.315459105304E+00  0.393569744296E+04  0.180522371756E+05 !--- eback_r(1:ncp)
  0.000000000000E+00  0.000000000000E+00  0.000000000000E+00 !--- itran_r(1:ncp)
  0.000000000000E+00  0.000000000000E+00  0.000000000000E+00 !--- etran_r(1:ncp)
  0.600000000000E+07  0.000000000000E+00  0.000000000000E+00 !--- e_tot_p(1:ncp)
  0.419541485847E+00  0.000000000000E+00  0.000000000000E+00 !--- reem   (1:ncp)
  0.000000000000E+00  0.000000000000E+00  0.000000000000E+00 !--- d_chem(1:ncp) 
0.100000E+03   0.428403E-01      0.00142  0.40433  0.59425    0.44202  0.00002
0.300000E+03   0.426047E-01      0.00514  0.35619  0.63867    0.66518  0.00006
0.500000E+03   0.424042E-01      0.00835  0.33533  0.65632    0.78228  0.00007
0.700000E+03   0.420899E-01      0.01347  0.31961  0.66693    0.87935  0.00016
0.900000E+03   0.419604E-01      0.01562  0.34404  0.64034    0.96392  0.00023
0.110000E+04   0.418517E-01      0.01742  0.34293  0.63965    0.99494  0.00034
0.130000E+04   0.416775E-01      0.02031  0.32729  0.65240    1.00000  0.00039
0.150000E+04   0.415747E-01      0.02204  0.33005  0.64791    0.96196  0.00054
0.170000E+04   0.415907E-01      0.02177  0.32854  0.64969    0.89034  0.00054
0.190000E+04   0.416167E-01      0.02133  0.32602  0.65265    0.73728  0.00058
0.210000E+04   0.416123E-01      0.02140  0.32208  0.65652    0.60736  0.00048
0.230000E+04   0.417945E-01      0.01836  0.33019  0.65145    0.45834  0.00046
0.250000E+04   0.419684E-01      0.01547  0.32654  0.65799    0.32473  0.00035
0.270000E+04   0.421793E-01      0.01200  0.32114  0.66686    0.20683  0.00023
0.290000E+04   0.424945E-01      0.00689  0.32520  0.66792    0.12851  0.00016
0.310000E+04   0.426763E-01      0.00397  0.32708  0.66895    0.07810  0.00010
0.330000E+04   0.427490E-01      0.00282  0.33423  0.66296    0.05043  0.00006
0.350000E+04   0.428178E-01      0.00172  0.33225  0.66603    0.03288  0.00005
0.370000E+04   0.428833E-01      0.00068  0.32895  0.67036    0.01713  0.00001
0.390000E+04   0.429160E-01      0.00017  0.33192  0.66791    0.01000  0.00001
0.410000E+04   0.429228E-01      0.00006  0.33134  0.66860    0.01000  0.00000
0.430000E+04   0.429267E-01      0.00000  0.33440  0.66560    0.01000  0.00000
0.450000E+04   0.429266E-01      0.00000  0.33312  0.66688    0.01000  0.00000
0.470000E+04   0.429267E-01      0.00000  0.33335  0.66665    0.01000  0.00000
0.490000E+04   0.429266E-01      0.00000  0.33272  0.66728    0.01000  0.00000
0.510000E+04   0.429266E-01      0.00000  0.33314  0.66686    0.01000  0.00000
0.530000E+04   0.429267E-01      0.00000  0.33335  0.66665    0.01000  0.00000
0.550000E+04   0.429267E-01      0.00000  0.33343  0.66657    0.01000  0.00000
0.570000E+04   0.429267E-01      0.00000  0.33335  0.66665    0.01000  0.00000
0.590000E+04   0.429267E-01      0.00000  0.33330  0.66670    0.00000  0.00000
  0.30000000E+01  0.62484252E+02 !--- fluc srrc sbe:   0.00000   6.30000   2.58000
  0.000000000000E+00  0.444158739225E+00  0.553767389290E+00 !--- csf(ncp)      
  0.00000000E+00  0.00000000E+00  0.00000000E+00  0.00000000E+00  0.00000000E+00
  0.282403436278E+01  0.838124485932E+02  0.164075472786E+03 !--- ard(1:ncp)    
  0.300000000000E+02  0.000000000000E+00  0.000000000000E+00 !--- nproj         
  0.200000000000E-01  0.000000000000E+00  0.000000000000E+00 !--- iback_p(1:ncp)
  0.102926743122E+03  0.000000000000E+00  0.000000000000E+00 !--- eback_p(1:ncp)
  0.000000000000E+00  0.000000000000E+00  0.000000000000E+00 !--- itran_p(1:ncp)
  0.000000000000E+00  0.000000000000E+00  0.000000000000E+00 !--- etran_p(1:ncp)
  0.670000000000E+00  0.204000000000E+02  0.763200000000E+02 !--- iback_r(1:ncp)  30.00000   0.68000
  0.192901487698E+01  0.672888339249E+04  0.286907210326E+05 !--- eback_r(1:ncp)
  0.000000000000E+00  0.000000000000E+00  0.000000000000E+00 !--- itran_r(1:ncp)
  0.000000000000E+00  0.000000000000E+00  0.000000000000E+00 !--- etran_r(1:ncp)
  0.900000000000E+07  0.000000000000E+00  0.000000000000E+00 !--- e_tot_p(1:ncp)
  0.106965637221E+01  0.000000000000E+00  0.000000000000E+00 !--- reem   (1:ncp)
  0.000000000000E+00  0.000000000000E+00  0.000000000000E+00 !--- d_chem(1:ncp) 
0.100000E+03   0.426481E-01      0.00450  0.42252  0.57298    0.43568  0.00002
0.300000E+03   0.421857E-01      0.01193  0.36047  0.62761    0.66428  0.00007
0.500000E+03   0.418884E-01      0.01681  0.33686  0.64633    0.78051  0.00006
0.700000E+03   0.416440E-01      0.02088  0.33960  0.63951    0.88609  0.00017
0.900000E+03   0.414564E-01      0.02405  0.33933  0.63662    0.95355  0.00022
0.110000E+04   0.412819E-01      0.02701  0.33135  0.64165    0.99819  0.00033
0.130000E+04   0.411607E-01      0.02908  0.32945  0.64147    1.00000  0.00039
0.150000E+04   0.411293E-01      0.02962  0.32901  0.64137    0.96732  0.00056
0.170000E+04   0.411010E-01      0.03011  0.32831  0.64158    0.88258  0.00053
0.190000E+04   0.410727E-01      0.03059  0.32520  0.64421    0.73265  0.00059
0.210000E+04   0.411832E-01      0.02869  0.32120  0.65011    0.59388  0.00049
0.230000E+04   0.413080E-01      0.02655  0.31818  0.65527    0.44208  0.00043
0.250000E+04   0.416348E-01      0.02102  0.32056  0.65842    0.30665  0.00032
0.270000E+04   0.419558E-01      0.01568  0.32128  0.66305    0.19267  0.00023
0.290000E+04   0.422494E-01      0.01086  0.32228  0.66686    0.12044  0.00016
0.310000E+04   0.425176E-01      0.00652  0.32613  0.66735    0.07400  0.00009
0.330000E+04   0.427030E-01      0.00355  0.33158  0.66487    0.04737  0.00006
0.350000E+04   0.428032E-01      0.00195  0.33154  0.66651    0.02884  0.00004
0.370000E+04   0.428777E-01      0.00077  0.32911  0.67012    0.01513  0.00001
0.390000E+04   0.429167E-01      0.00016  0.33117  0.66867    0.01000  0.00001
0.410000E+04   0.429197E-01      0.00011  0.33071  0.66919    0.01000  0.00000
0.430000E+04   0.429238E-01      0.00005  0.33499  0.66497    0.01000  0.00000
0.450000E+04   0.429234E-01      0.00005  0.33333  0.66662    0.01000  0.00000
0.470000E+04   0.429267E-01      0.00000  0.33347  0.66653    0.01000  0.00000
0.490000E+04   0.429266E-01      0.00000  0.33281  0.66719    0.01000  0.00000
0.510000E+04   0.429266E-01      0.00000  0.33280  0.66720    0.01000  0.00000
0.530000E+04   0.429267E-01      0.00000  0.33342  0.66658    0.01000  0.00000
0.550000E+04   0.429267E-01      0.00000  0.33342  0.66658    0.01000  0.00000
0.570000E+04   0.429267E-01      0.00000  0.33334  0.66666    0.01000  0.00000
0.590000E+04   0.429267E-01      0.00000  0.33330  0.66670    0.00000  0.00000
  0.40000000E+01  0.95872121E+02 !--- fluc srrc sbe:   0.00000   6.30000   2.58000
  0.000000000000E+00  0.438255980640E+00  0.558655507694E+00 !--- csf(ncp)      
  0.00000000E+00  0.00000000E+00  0.00000000E+00  0.00000000E+00  0.00000000E+00
  0.352492187659E+01  0.830454485932E+02  0.161674472786E+03 !--- ard(1:ncp)    
  0.400000000000E+02  0.000000000000E+00  0.000000000000E+00 !--- nproj         
  0.300000000000E-01  0.000000000000E+00  0.000000000000E+00 !--- iback_p(1:ncp)
  0.258555280130E+03  0.000000000000E+00  0.000000000000E+00 !--- eback_p(1:ncp)
  0.000000000000E+00  0.000000000000E+00  0.000000000000E+00 !--- itran_p(1:ncp)
  0.000000000000E+00  0.000000000000E+00  0.000000000000E+00 !--- etran_p(1:ncp)
  0.131000000000E+01  0.280700000000E+02  0.100330000000E+03 !--- iback_r(1:ncp)  40.00000   0.70175
  0.381156007881E+02  0.851819703000E+04  0.393860573573E+05 !--- eback_r(1:ncp)
  0.000000000000E+00  0.000000000000E+00  0.000000000000E+00 !--- itran_r(1:ncp)
  0.000000000000E+00  0.000000000000E+00  0.000000000000E+00 !--- etran_r(1:ncp)
  0.120000000000E+08  0.000000000000E+00  0.000000000000E+00 !--- e_tot_p(1:ncp)
  0.341078123413E+01  0.000000000000E+00  0.000000000000E+00 !--- reem   (1:ncp)
  0.000000000000E+00  0.000000000000E+00  0.000000000000E+00 !--- d_chem(1:ncp) 
0.100000E+03   0.427372E-01      0.00309  0.43826  0.55866    0.44228  0.00003
0.300000E+03   0.420528E-01      0.01412  0.37740  0.60847    0.67838  0.00007
0.500000E+03   0.415771E-01      0.02201  0.34151  0.63648    0.79008  0.00007
0.700000E+03   0.411720E-01      0.02890  0.34054  0.63057    0.89893  0.00017
0.900000E+03   0.409791E-01      0.03222  0.33272  0.63507    0.96209  0.00023
0.110000E+04   0.408789E-01      0.03395  0.32565  0.64040    1.00000  0.00033
0.130000E+04   0.408654E-01      0.03420  0.33714  0.62867    0.99891  0.00038
0.150000E+04   0.407099E-01      0.03691  0.32979  0.63330    0.98227  0.00052
0.170000E+04   0.406760E-01      0.03750  0.32705  0.63544    0.89493  0.00055
0.190000E+04   0.406470E-01      0.03801  0.32235  0.63964    0.73587  0.00058
0.210000E+04   0.407195E-01      0.03673  0.31782  0.64545    0.58823  0.00049
0.230000E+04   0.409036E-01      0.03351  0.31517  0.65132    0.43324  0.00043
0.250000E+04   0.412123E-01      0.02818  0.31600  0.65582    0.29513  0.00031
0.270000E+04   0.417266E-01      0.01948  0.31205  0.66847    0.18563  0.00022
0.290000E+04   0.420531E-01      0.01407  0.32209  0.66384    0.11135  0.00015
0.310000E+04   0.423893E-01      0.00859  0.32780  0.66361    0.06860  0.00008
0.330000E+04   0.426389E-01      0.00457  0.32728  0.66815    0.04330  0.00006
0.350000E+04   0.428043E-01      0.00193  0.32767  0.67040    0.02571  0.00003
0.370000E+04   0.428917E-01      0.00055  0.33085  0.66860    0.01481  0.00001
0.390000E+04   0.429125E-01      0.00022  0.33083  0.66895    0.01000  0.00001
0.410000E+04   0.429187E-01      0.00012  0.33227  0.66760    0.01000  0.00000
0.430000E+04   0.429239E-01      0.00004  0.33422  0.66573    0.01000  0.00000
0.450000E+04   0.429252E-01      0.00002  0.33304  0.66693    0.01000  0.00000
0.470000E+04   0.429266E-01      0.00000  0.33314  0.66686    0.01000  0.00000
0.490000E+04   0.429266E-01      0.00000  0.33285  0.66715    0.01000  0.00000
0.510000E+04   0.429266E-01      0.00000  0.33303  0.66697    0.01000  0.00000
0.530000E+04   0.429267E-01      0.00000  0.33342  0.66658    0.01000  0.00000
0.550000E+04   0.429267E-01      0.00000  0.33336  0.66664    0.01000  0.00000
0.570000E+04   0.429267E-01      0.00000  0.33327  0.66673    0.01000  0.00000
0.590000E+04   0.429267E-01      0.00000  0.33335  0.66665    0.00000  0.00000
  0.50000000E+01  0.13428678E+03 !--- fluc srrc sbe:   0.00000   6.30000   2.58000
  0.000000000000E+00  0.479148125232E+00  0.516914396224E+00 !--- csf(ncp)      
  0.00000000E+00  0.00000000E+00  0.00000000E+00  0.00000000E+00  0.00000000E+00
  0.422185411097E+01  0.822024485932E+02  0.159143472786E+03 !--- ard(1:ncp)    
  0.500000000000E+02  0.000000000000E+00  0.000000000000E+00 !--- nproj         
  0.500000000000E-01  0.000000000000E+00  0.000000000000E+00 !--- iback_p(1:ncp)
  0.363334506882E+03  0.000000000000E+00  0.000000000000E+00 !--- eback_p(1:ncp)
  0.000000000000E+00  0.000000000000E+00  0.000000000000E+00 !--- itran_p(1:ncp)
  0.000000000000E+00  0.000000000000E+00  0.000000000000E+00 !--- etran_p(1:ncp)
  0.198000000000E+01  0.365000000000E+02  0.125640000000E+03 !--- iback_r(1:ncp)  50.00000   0.73000
  0.426391550529E+02  0.110029567864E+05  0.479063236348E+05 !--- eback_r(1:ncp)
  0.000000000000E+00  0.000000000000E+00  0.000000000000E+00 !--- itran_r(1:ncp)
  0.000000000000E+00  0.000000000000E+00  0.000000000000E+00 !--- etran_r(1:ncp)
  0.150000000000E+08  0.000000000000E+00  0.000000000000E+00 !--- e_tot_p(1:ncp)
  0.575145889026E+01  0.000000000000E+00  0.000000000000E+00 !--- reem   (1:ncp)
  0.000000000000E+00  0.000000000000E+00  0.000000000000E+00 !--- d_chem(1:ncp) 
0.100000E+03   0.424188E-01      0.00821  0.45403  0.53776    0.44466  0.00003
0.300000E+03   0.416305E-01      0.02115  0.38449  0.59436    0.68342  0.00007
0.500000E+03   0.411763E-01      0.02883  0.35545  0.61571    0.80445  0.00008
0.700000E+03   0.409131E-01      0.03337  0.33738  0.62925    0.90846  0.00017
0.900000E+03   0.407552E-01      0.03611  0.32619  0.63770    0.96619  0.00023
0.110000E+04   0.405720E-01      0.03934  0.33526  0.62540    1.00000  0.00032
0.130000E+04   0.404215E-01      0.04202  0.33778  0.62020    0.99931  0.00039
0.150000E+04   0.403154E-01      0.04390  0.32765  0.62845    0.97812  0.00051
0.170000E+04   0.402744E-01      0.04463  0.32224  0.63312    0.88685  0.00055
0.190000E+04   0.402805E-01      0.04452  0.32141  0.63407    0.72841  0.00057
0.210000E+04   0.403792E-01      0.04275  0.30951  0.64774    0.57693  0.00048
0.230000E+04   0.406256E-01      0.03838  0.31396  0.64766    0.41846  0.00041
0.250000E+04   0.409431E-01      0.03282  0.31277  0.65441    0.28324  0.00030
0.270000E+04   0.412636E-01      0.02730  0.30383  0.66887    0.17789  0.00021
0.290000E+04   0.418661E-01      0.01716  0.32273  0.66011    0.10678  0.00014
0.310000E+04   0.423436E-01      0.00933  0.32842  0.66225    0.06393  0.00008
0.330000E+04   0.426374E-01      0.00459  0.32411  0.67130    0.04006  0.00005
0.350000E+04   0.428017E-01      0.00197  0.32730  0.67073    0.02374  0.00003
0.370000E+04   0.428801E-01      0.00073  0.33179  0.66747    0.01319  0.00001
0.390000E+04   0.429094E-01      0.00027  0.32931  0.67042    0.01000  0.00001
0.410000E+04   0.429183E-01      0.00013  0.33332  0.66655    0.01000  0.00000
0.430000E+04   0.429232E-01      0.00005  0.33386  0.66609    0.01000  0.00000
0.450000E+04   0.429261E-01      0.00001  0.33306  0.66693    0.01000  0.00000
0.470000E+04   0.429266E-01      0.00000  0.33295  0.66705    0.01000  0.00000
0.490000E+04   0.429266E-01      0.00000  0.33234  0.66766    0.01000  0.00000
0.510000E+04   0.429266E-01      0.00000  0.33292  0.66708    0.01000  0.00000
0.530000E+04   0.429267E-01      0.00000  0.33362  0.66638    0.01000  0.00000
0.550000E+04   0.429267E-01      0.00000  0.33355  0.66645    0.01000  0.00000
0.570000E+04   0.429266E-01      0.00000  0.33321  0.66679    0.01000  0.00000
0.590000E+04   0.429266E-01      0.00000  0.33325  0.66675    0.00000  0.00000
  0.60000000E+01  0.18116952E+03 !--- fluc srrc sbe:   0.00000   6.30000   2.58000
  0.000000000000E+00  0.467198919814E+00  0.528465039450E+00 !--- csf(ncp)      
  0.00000000E+00  0.00000000E+00  0.00000000E+00  0.00000000E+00  0.00000000E+00
  0.471454786134E+01  0.813184485932E+02  0.156795472786E+03 !--- ard(1:ncp)    
  0.600000000000E+02  0.000000000000E+00  0.000000000000E+00 !--- nproj         
  0.600000000000E-01  0.000000000000E+00  0.000000000000E+00 !--- iback_p(1:ncp)
  0.374021400597E+03  0.000000000000E+00  0.000000000000E+00 !--- eback_p(1:ncp)
  0.000000000000E+00  0.000000000000E+00  0.000000000000E+00 !--- itran_p(1:ncp)
  0.000000000000E+00  0.000000000000E+00  0.000000000000E+00 !--- etran_p(1:ncp)
  0.282000000000E+01  0.453400000000E+02  0.149120000000E+03 !--- iback_r(1:ncp)  60.00000   0.75567
  0.448345819272E+02  0.131406230302E+05  0.572539397620E+05 !--- eback_r(1:ncp)
  0.000000000000E+00  0.000000000000E+00  0.000000000000E+00 !--- itran_r(1:ncp)
  0.000000000000E+00  0.000000000000E+00  0.000000000000E+00 !--- etran_r(1:ncp)
  0.180000000000E+08  0.000000000000E+00  0.000000000000E+00 !--- e_tot_p(1:ncp)
  0.997452138655E+01  0.000000000000E+00  0.000000000000E+00 !--- reem   (1:ncp)
  0.000000000000E+00  0.000000000000E+00  0.000000000000E+00 !--- d_chem(1:ncp) 
0.100000E+03   0.426604E-01      0.00434  0.46720  0.52847    0.43609  0.00003
0.300000E+03   0.416703E-01      0.02048  0.39132  0.58820    0.67260  0.00007
0.500000E+03   0.409650E-01      0.03247  0.34910  0.61843    0.79391  0.00008
0.700000E+03   0.406147E-01      0.03860  0.34288  0.61853    0.90044  0.00017
0.900000E+03   0.403269E-01      0.04371  0.34124  0.61506    0.96978  0.00023
0.110000E+04   0.401734E-01      0.04646  0.33783  0.61571    1.00000  0.00033
0.130000E+04   0.400827E-01      0.04809  0.32626  0.62565    0.99381  0.00039
0.150000E+04   0.400130E-01      0.04935  0.32192  0.62873    0.96712  0.00050
0.170000E+04   0.399498E-01      0.05051  0.32639  0.62311    0.87451  0.00055
0.190000E+04   0.400074E-01      0.04945  0.31608  0.63447    0.72457  0.00055
0.210000E+04   0.401084E-01      0.04761  0.30405  0.64834    0.56703  0.00049
0.230000E+04   0.402988E-01      0.04419  0.31242  0.64339    0.40406  0.00040
0.250000E+04   0.407343E-01      0.03646  0.30768  0.65586    0.27054  0.00029
0.270000E+04   0.410852E-01      0.03036  0.31027  0.65937    0.16790  0.00020
0.290000E+04   0.416225E-01      0.02123  0.31884  0.65993    0.10063  0.00013
0.310000E+04   0.422538E-01      0.01079  0.32473  0.66448    0.05988  0.00007
0.330000E+04   0.426011E-01      0.00517  0.32152  0.67331    0.03659  0.00005
0.350000E+04   0.428283E-01      0.00155  0.32482  0.67363    0.02226  0.00002
0.370000E+04   0.428857E-01      0.00065  0.33402  0.66533    0.01253  0.00001
0.390000E+04   0.428938E-01      0.00051  0.32675  0.67274    0.01000  0.00000
0.410000E+04   0.429141E-01      0.00020  0.33615  0.66365    0.01000  0.00000
0.430000E+04   0.429248E-01      0.00003  0.33263  0.66734    0.01000  0.00000
0.450000E+04   0.429265E-01      0.00000  0.33277  0.66723    0.01000  0.00000
0.470000E+04   0.429267E-01      0.00000  0.33336  0.66664    0.01000  0.00000
0.490000E+04   0.429266E-01      0.00000  0.33214  0.66786    0.01000  0.00000
0.510000E+04   0.429266E-01      0.00000  0.33321  0.66679    0.01000  0.00000
0.530000E+04   0.429267E-01      0.00000  0.33372  0.66628    0.01000  0.00000
0.550000E+04   0.429267E-01      0.00000  0.33348  0.66652    0.01000  0.00000
0.570000E+04   0.429266E-01      0.00000  0.33313  0.66687    0.01000  0.00000
0.590000E+04   0.429267E-01      0.00000  0.33331  0.66669    0.00000  0.00000
  0.70000000E+01  0.22873750E+03 !--- fluc srrc sbe:   0.00000   6.30000   2.58000
  0.000000000000E+00  0.502464028502E+00  0.493162687569E+00 !--- csf(ncp)      
  0.00000000E+00  0.00000000E+00  0.00000000E+00  0.00000000E+00  0.00000000E+00
  0.523938295485E+01  0.803834485932E+02  0.154389472786E+03 !--- ard(1:ncp)    
  0.700000000000E+02  0.000000000000E+00  0.000000000000E+00 !--- nproj         
  0.600000000000E-01  0.000000000000E+00  0.000000000000E+00 !--- iback_p(1:ncp)
  0.374021400597E+03  0.000000000000E+00  0.000000000000E+00 !--- eback_p(1:ncp)
  0.000000000000E+00  0.000000000000E+00  0.000000000000E+00 !--- itran_p(1:ncp)
  0.000000000000E+00  0.000000000000E+00  0.000000000000E+00 !--- etran_p(1:ncp)
  0.354000000000E+01  0.546900000000E+02  0.173180000000E+03 !--- iback_r(1:ncp)  70.00000   0.78129
  0.513813401662E+02  0.154830381267E+05  0.658394543556E+05 !--- eback_r(1:ncp)
  0.000000000000E+00  0.000000000000E+00  0.000000000000E+00 !--- itran_r(1:ncp)
  0.000000000000E+00  0.000000000000E+00  0.000000000000E+00 !--- etran_r(1:ncp)
  0.210000000000E+08  0.000000000000E+00  0.000000000000E+00 !--- e_tot_p(1:ncp)
  0.140061704515E+02  0.000000000000E+00  0.000000000000E+00 !--- reem   (1:ncp)
  0.000000000000E+00  0.000000000000E+00  0.000000000000E+00 !--- d_chem(1:ncp) 
0.100000E+03   0.423637E-01      0.00912  0.47956  0.51132    0.43559  0.00003
0.300000E+03   0.413520E-01      0.02586  0.39596  0.57817    0.67180  0.00007
0.500000E+03   0.407879E-01      0.03557  0.36183  0.60261    0.79119  0.00008
0.700000E+03   0.403385E-01      0.04350  0.34557  0.61092    0.90334  0.00017
0.900000E+03   0.400634E-01      0.04845  0.34318  0.60837    0.96845  0.00023
0.110000E+04   0.399123E-01      0.05119  0.33151  0.61730    0.99943  0.00033
0.130000E+04   0.397457E-01      0.05425  0.32731  0.61844    1.00000  0.00040
0.150000E+04   0.397001E-01      0.05508  0.32107  0.62384    0.96806  0.00049
0.170000E+04   0.397000E-01      0.05508  0.31356  0.63136    0.86842  0.00054
0.190000E+04   0.397853E-01      0.05351  0.31182  0.63468    0.71879  0.00055
0.210000E+04   0.398924E-01      0.05154  0.30968  0.63878    0.55558  0.00048
0.230000E+04   0.401073E-01      0.04763  0.30727  0.64510    0.39130  0.00039
0.250000E+04   0.404587E-01      0.04133  0.30517  0.65350    0.25724  0.00029
0.270000E+04   0.408890E-01      0.03376  0.31069  0.65555    0.15751  0.00019
0.290000E+04   0.415388E-01      0.02264  0.31650  0.66086    0.09597  0.00012
0.310000E+04   0.421333E-01      0.01275  0.31966  0.66759    0.05612  0.00006
0.330000E+04   0.425609E-01      0.00582  0.32129  0.67290    0.03354  0.00004
0.350000E+04   0.427927E-01      0.00211  0.32539  0.67249    0.02071  0.00002
0.370000E+04   0.428778E-01      0.00077  0.33241  0.66682    0.01148  0.00001
0.390000E+04   0.428963E-01      0.00047  0.32720  0.67233    0.01000  0.00000
0.410000E+04   0.429208E-01      0.00009  0.33622  0.66368    0.01000  0.00000
0.430000E+04   0.429260E-01      0.00001  0.33189  0.66810    0.01000  0.00000
0.450000E+04   0.429266E-01      0.00000  0.33277  0.66723    0.01000  0.00000
0.470000E+04   0.429267E-01      0.00000  0.33392  0.66608    0.01000  0.00000
0.490000E+04   0.429266E-01      0.00000  0.33145  0.66855    0.01000  0.00000
0.510000E+04   0.429267E-01      0.00000  0.33335  0.66665    0.01000  0.00000
0.530000E+04   0.429267E-01      0.00000  0.33349  0.66651    0.01000  0.00000
0.550000E+04   0.429267E-01      0.00000  0.33344  0.66656    0.01000  0.00000
0.570000E+04   0.429266E-01      0.00000  0.33316  0.66684    0.01000  0.00000
0.590000E+04   0.429267E-01      0.00000  0.33333  0.66667    0.00000  0.00000
  0.80000000E+01  0.28389375E+03 !--- fluc srrc sbe:   0.00000   6.30000   2.58000
  0.000000000000E+00  0.501706272533E+00  0.493297636939E+00 !--- csf(ncp)      
  0.00000000E+00  0.00000000E+00  0.00000000E+00  0.00000000E+00  0.00000000E+00
  0.556311679688E+01  0.794164485932E+02  0.152187472786E+03 !--- ard(1:ncp)    
  0.800000000000E+02  0.000000000000E+00  0.000000000000E+00 !--- nproj         
  0.100000000000E+00  0.000000000000E+00  0.000000000000E+00 !--- iback_p(1:ncp)
  0.983486208402E+03  0.000000000000E+00  0.000000000000E+00 !--- eback_p(1:ncp)
  0.000000000000E+00  0.000000000000E+00  0.000000000000E+00 !--- itran_p(1:ncp)
  0.000000000000E+00  0.000000000000E+00  0.000000000000E+00 !--- etran_p(1:ncp)
  0.440000000000E+01  0.643600000000E+02  0.195190000000E+03 !--- iback_r(1:ncp)  80.00000   0.80450
  0.555110190084E+02  0.183016978101E+05  0.747312122885E+05 !--- eback_r(1:ncp)
  0.000000000000E+00  0.000000000000E+00  0.100000000000E-01 !--- itran_r(1:ncp)
  0.000000000000E+00  0.000000000000E+00  0.553942538777E+02 !--- etran_r(1:ncp)
  0.240000000000E+08  0.000000000000E+00  0.000000000000E+00 !--- e_tot_p(1:ncp)
  0.198688320312E+02  0.000000000000E+00  0.000000000000E+00 !--- reem   (1:ncp)
  0.000000000000E+00  0.000000000000E+00  0.000000000000E+00 !--- d_chem(1:ncp) 
0.100000E+03   0.425682E-01      0.00584  0.49835  0.49581    0.43708  0.00003
0.300000E+03   0.411160E-01      0.02991  0.40202  0.56808    0.67287  0.00007
0.500000E+03   0.405167E-01      0.04034  0.35559  0.60407    0.79525  0.00009
0.700000E+03   0.402337E-01      0.04538  0.34078  0.61384    0.90245  0.00017
0.900000E+03   0.398986E-01      0.05145  0.33804  0.61051    0.96567  0.00022
0.110000E+04   0.396760E-01      0.05554  0.33379  0.61067    0.99309  0.00033
0.130000E+04   0.395696E-01      0.05751  0.32710  0.61539    1.00000  0.00040
0.150000E+04   0.395350E-01      0.05814  0.32057  0.62128    0.96857  0.00049
0.170000E+04   0.394864E-01      0.05905  0.31655  0.62441    0.86255  0.00055
0.190000E+04   0.394859E-01      0.05905  0.31126  0.62969    0.70712  0.00054
0.210000E+04   0.395930E-01      0.05705  0.30113  0.64182    0.54524  0.00048
0.230000E+04   0.398018E-01      0.05320  0.30618  0.64062    0.38882  0.00039
0.250000E+04   0.401803E-01      0.04631  0.30377  0.64992    0.26456  0.00028
0.270000E+04   0.409461E-01      0.03277  0.30900  0.65823    0.16862  0.00019
0.290000E+04   0.416162E-01      0.02133  0.31904  0.65963    0.10360  0.00013
0.310000E+04   0.421283E-01      0.01283  0.31586  0.67131    0.06158  0.00007
0.330000E+04   0.425636E-01      0.00577  0.31903  0.67520    0.03589  0.00004
0.350000E+04   0.427980E-01      0.00203  0.32747  0.67050    0.02156  0.00002
0.370000E+04   0.428802E-01      0.00073  0.32875  0.67052    0.01199  0.00001
0.390000E+04   0.429109E-01      0.00025  0.33007  0.66968    0.01000  0.00000
0.410000E+04   0.429241E-01      0.00004  0.33473  0.66523    0.01000  0.00000
0.430000E+04   0.429264E-01      0.00000  0.33186  0.66813    0.01000  0.00000
0.450000E+04   0.429266E-01      0.00000  0.33322  0.66678    0.01000  0.00000
0.470000E+04   0.429266E-01      0.00000  0.33288  0.66712    0.01000  0.00000
0.490000E+04   0.429266E-01      0.00000  0.33172  0.66828    0.01000  0.00000
0.510000E+04   0.429267E-01      0.00000  0.33333  0.66667    0.01000  0.00000
0.530000E+04   0.429267E-01      0.00000  0.33331  0.66669    0.01000  0.00000
0.550000E+04   0.429267E-01      0.00000  0.33331  0.66669    0.01000  0.00000
0.570000E+04   0.429267E-01      0.00000  0.33333  0.66667    0.01000  0.00000
0.590000E+04   0.429267E-01      0.00000  0.33333  0.66667    0.00000  0.00000
  0.90000000E+01  0.34522620E+03 !--- fluc srrc sbe:   0.00000   6.30000   2.58000
  0.000000000000E+00  0.555475306817E+00  0.439758917372E+00 !--- csf(ncp)      
  0.00000000E+00  0.00000000E+00  0.00000000E+00  0.00000000E+00  0.00000000E+00
  0.591951096188E+01  0.783144485932E+02  0.149774472786E+03 !--- ard(1:ncp)    
  0.900000000000E+02  0.000000000000E+00  0.000000000000E+00 !--- nproj         
  0.120000000000E+00  0.000000000000E+00  0.000000000000E+00 !--- iback_p(1:ncp)
  0.153788435576E+04  0.000000000000E+00  0.000000000000E+00 !--- eback_p(1:ncp)
  0.000000000000E+00  0.000000000000E+00  0.000000000000E+00 !--- itran_p(1:ncp)
  0.000000000000E+00  0.000000000000E+00  0.000000000000E+00 !--- etran_p(1:ncp)
  0.535000000000E+01  0.753800000000E+02  0.219320000000E+03 !--- iback_r(1:ncp)  90.00000   0.83756
  0.612969797797E+02  0.213973135838E+05  0.830340762117E+05 !--- eback_r(1:ncp)
  0.000000000000E+00  0.000000000000E+00  0.100000000000E-01 !--- itran_r(1:ncp)
  0.000000000000E+00  0.000000000000E+00  0.553942538777E+02 !--- etran_r(1:ncp)
  0.270000000000E+08  0.000000000000E+00  0.000000000000E+00 !--- e_tot_p(1:ncp)
  0.253348903812E+02  0.000000000000E+00  0.000000000000E+00 !--- reem   (1:ncp)
  0.000000000000E+00  0.000000000000E+00  0.000000000000E+00 !--- d_chem(1:ncp) 
0.100000E+03   0.420563E-01      0.01416  0.50097  0.48487    0.43614  0.00003
0.300000E+03   0.409590E-01      0.03262  0.40749  0.55989    0.67589  0.00007
0.500000E+03   0.403586E-01      0.04315  0.35758  0.59926    0.79422  0.00009
0.700000E+03   0.399729E-01      0.05010  0.34401  0.60589    0.89660  0.00017
0.900000E+03   0.396784E-01      0.05550  0.34141  0.60308    0.96375  0.00022
0.110000E+04   0.394587E-01      0.05957  0.32253  0.61790    0.99169  0.00033
0.130000E+04   0.393983E-01      0.06070  0.32248  0.61682    1.00000  0.00040
0.150000E+04   0.393386E-01      0.06182  0.32201  0.61617    0.96631  0.00049
0.170000E+04   0.392323E-01      0.06382  0.32069  0.61549    0.85447  0.00054
0.190000E+04   0.392782E-01      0.06295  0.30690  0.63015    0.69434  0.00054
0.210000E+04   0.393665E-01      0.06128  0.30726  0.63145    0.53724  0.00046
0.230000E+04   0.396437E-01      0.05611  0.30055  0.64334    0.39043  0.00039
0.250000E+04   0.401652E-01      0.04658  0.30433  0.64909    0.26988  0.00029
0.270000E+04   0.409740E-01      0.03228  0.30676  0.66096    0.17439  0.00020
0.290000E+04   0.416416E-01      0.02091  0.31906  0.66003    0.10904  0.00014
0.310000E+04   0.421403E-01      0.01263  0.31147  0.67590    0.06401  0.00008
0.330000E+04   0.426035E-01      0.00513  0.31835  0.67652    0.03676  0.00004
0.350000E+04   0.428108E-01      0.00183  0.33027  0.66789    0.02201  0.00002
0.370000E+04   0.428839E-01      0.00067  0.32545  0.67388    0.01237  0.00001
0.390000E+04   0.429141E-01      0.00020  0.33292  0.66688    0.01000  0.00000
0.410000E+04   0.429247E-01      0.00003  0.33238  0.66759    0.01000  0.00000
0.430000E+04   0.429265E-01      0.00000  0.33185  0.66815    0.01000  0.00000
0.450000E+04   0.429267E-01      0.00000  0.33389  0.66611    0.01000  0.00000
0.470000E+04   0.429266E-01      0.00000  0.33133  0.66867    0.01000  0.00000
0.490000E+04   0.429266E-01      0.00000  0.33272  0.66728    0.01000  0.00000
0.510000E+04   0.429267E-01      0.00000  0.33340  0.66660    0.01000  0.00000
0.530000E+04   0.429266E-01      0.00000  0.33315  0.66685    0.01000  0.00000
0.550000E+04   0.429267E-01      0.00000  0.33327  0.66673    0.01000  0.00000
0.570000E+04   0.429267E-01      0.00000  0.33333  0.66667    0.01000  0.00000
0.590000E+04   0.429267E-01      0.00000  0.33333  0.66667    0.00000  0.00000
  0.10000000E+02  0.41619900E+03 !--- fluc srrc sbe:   0.00000   6.30000   2.58000
  0.000000000000E+00  0.548269177690E+00  0.446829442721E+00 !--- csf(ncp)      
  0.00000000E+00  0.00000000E+00  0.00000000E+00  0.00000000E+00  0.00000000E+00
  0.613015317918E+01  0.772004485932E+02  0.147320472786E+03 !--- ard(1:ncp)    
  0.100000000000E+03  0.000000000000E+00  0.000000000000E+00 !--- nproj         
  0.130000000000E+00  0.000000000000E+00  0.000000000000E+00 !--- iback_p(1:ncp)
  0.154547325874E+04  0.000000000000E+00  0.000000000000E+00 !--- eback_p(1:ncp)
  0.000000000000E+00  0.000000000000E+00  0.000000000000E+00 !--- itran_p(1:ncp)
  0.000000000000E+00  0.000000000000E+00  0.000000000000E+00 !--- etran_p(1:ncp)
  0.650000000000E+01  0.865200000000E+02  0.243860000000E+03 !--- iback_r(1:ncp) 100.00000   0.86520
  0.987020939510E+02  0.239299872712E+05  0.916321834579E+05 !--- eback_r(1:ncp)
  0.000000000000E+00  0.000000000000E+00  0.100000000000E-01 !--- itran_r(1:ncp)
  0.000000000000E+00  0.000000000000E+00  0.553942538777E+02 !--- etran_r(1:ncp)
  0.300000000000E+08  0.000000000000E+00  0.000000000000E+00 !--- e_tot_p(1:ncp)
  0.320684682082E+02  0.000000000000E+00  0.000000000000E+00 !--- reem   (1:ncp)
  0.000000000000E+00  0.000000000000E+00  0.000000000000E+00 !--- d_chem(1:ncp) 
0.100000E+03   0.421595E-01      0.01247  0.50719  0.48034    0.43744  0.00003
0.300000E+03   0.409007E-01      0.03363  0.40056  0.56581    0.67641  0.00007
0.500000E+03   0.402799E-01      0.04457  0.37302  0.58241    0.79568  0.00009
0.700000E+03   0.399462E-01      0.05059  0.35121  0.59820    0.89705  0.00017
0.900000E+03   0.396882E-01      0.05531  0.33176  0.61293    0.96289  0.00023
0.110000E+04   0.392618E-01      0.06327  0.33128  0.60544    0.99519  0.00033
0.130000E+04   0.389922E-01      0.06839  0.32272  0.60889    1.00000  0.00040
0.150000E+04   0.390355E-01      0.06756  0.31581  0.61663    0.96603  0.00049
0.170000E+04   0.390375E-01      0.06752  0.31200  0.62049    0.85321  0.00054
0.190000E+04   0.390941E-01      0.06643  0.30612  0.62745    0.69683  0.00053
0.210000E+04   0.392554E-01      0.06337  0.30244  0.63419    0.54505  0.00046
0.230000E+04   0.394994E-01      0.05880  0.30513  0.63607    0.39838  0.00039
0.250000E+04   0.403668E-01      0.04296  0.30129  0.65575    0.27915  0.00030
0.270000E+04   0.409612E-01      0.03251  0.31338  0.65410    0.18397  0.00021
0.290000E+04   0.415265E-01      0.02284  0.31129  0.66587    0.11627  0.00014
0.310000E+04   0.421114E-01      0.01310  0.31041  0.67649    0.06898  0.00008
0.330000E+04   0.425873E-01      0.00539  0.32064  0.67397    0.03894  0.00005
0.350000E+04   0.428193E-01      0.00170  0.32799  0.67031    0.02348  0.00002
0.370000E+04   0.428835E-01      0.00068  0.32580  0.67352    0.01354  0.00001
0.390000E+04   0.429131E-01      0.00021  0.33487  0.66492    0.01000  0.00000
0.410000E+04   0.429263E-01      0.00000  0.32916  0.67084    0.01000  0.00000
0.430000E+04   0.429266E-01      0.00000  0.33179  0.66821    0.01000  0.00000
0.450000E+04   0.429267E-01      0.00000  0.33439  0.66561    0.01000  0.00000
0.470000E+04   0.429265E-01      0.00000  0.33023  0.66977    0.01000  0.00000
0.490000E+04   0.429267E-01      0.00000  0.33389  0.66611    0.01000  0.00000
0.510000E+04   0.429266E-01      0.00000  0.33317  0.66683    0.01000  0.00000
0.530000E+04   0.429266E-01      0.00000  0.33312  0.66688    0.01000  0.00000
0.550000E+04   0.429267E-01      0.00000  0.33333  0.66667    0.01000  0.00000
0.570000E+04   0.429267E-01      0.00000  0.33333  0.66667    0.01000  0.00000
0.590000E+04   0.429267E-01      0.00000  0.33333  0.66667    0.00000  0.00000
