100010.E-03  6469.22E-05  1895.70E-03  
200010.E-03  7368.57E-05  2059.00E-03  
300010.E-03  8073.86E-05  2164.69E-03  
400010.E-03  8787.60E-05  2231.91E-03  
500010.E-03  9332.57E-05  2241.75E-03  
600010.E-03  9715.87E-05  2183.34E-03  
700010.E-03  9870.16E-05  2105.98E-03  
800010.E-03  9610.93E-05  1910.58E-03  
900010.E-03  8985.50E-05  1700.04E-03  
100001.E-02  8033.78E-05  1424.42E-03  
110001.E-02  6914.72E-05  1143.45E-03  
120001.E-02  5558.42E-05  8648.76E-04  
130001.E-02  4264.69E-05  6200.89E-04  
140001.E-02  3064.98E-05  4227.32E-04  
150001.E-02  2108.92E-05  2774.79E-04  
160001.E-02  1380.99E-05  1719.20E-04  
170001.E-02  8461.83E-06  9874.98E-05  
180001.E-02  4693.51E-06  5270.06E-05  
190001.E-02  2575.23E-06  2698.16E-05  
200001.E-02  1274.70E-06  1310.13E-05  
210001.E-02  5449.74E-07  5083.12E-06  
220001.E-02  2513.07E-07  2136.85E-06  
230001.E-02  1092.03E-07  1088.07E-06  
240001.E-02  3760.03E-08  2901.09E-07  
250001.E-02  1470.01E-08  9774.02E-08  
260001.E-02  5800.06E-09  4948.96E-08  
270001.E-02  0000.00E+00  0000.00E+00  
280001.E-02  0000.00E+00  0000.00E+00  
290001.E-02  0000.00E+00  0000.00E+00  
300001.E-02  0000.00E+00  0000.00E+00  
310001.E-02  0000.00E+00  0000.00E+00  
320001.E-02  0000.00E+00  0000.00E+00  
330001.E-02  0000.00E+00  0000.00E+00  
340001.E-02  0000.00E+00  0000.00E+00  
350001.E-02  0000.00E+00  0000.00E+00  
360001.E-02  0000.00E+00  0000.00E+00  
370001.E-02  0000.00E+00  0000.00E+00  
380001.E-02  0000.00E+00  0000.00E+00  
390001.E-02  0000.00E+00  0000.00E+00  
400001.E-02  0000.00E+00  0000.00E+00  
410001.E-02  0000.00E+00  0000.00E+00  
420001.E-02  0000.00E+00  0000.00E+00  
430001.E-02  0000.00E+00  0000.00E+00  
440001.E-02  0000.00E+00  0000.00E+00  
450001.E-02  0000.00E+00  0000.00E+00  
460001.E-02  0000.00E+00  0000.00E+00  
470001.E-02  0000.00E+00  0000.00E+00  
480001.E-02  0000.00E+00  0000.00E+00  
490001.E-02  0000.00E+00  0000.00E+00  
500001.E-02  0000.00E+00  0000.00E+00  
510001.E-02  0000.00E+00  0000.00E+00  
520001.E-02  0000.00E+00  0000.00E+00  
530001.E-02  0000.00E+00  0000.00E+00  
540001.E-02  0000.00E+00  0000.00E+00  
550001.E-02  0000.00E+00  0000.00E+00  
560001.E-02  0000.00E+00  0000.00E+00  
570001.E-02  0000.00E+00  0000.00E+00  
580001.E-02  0000.00E+00  0000.00E+00  
590001.E-02  0000.00E+00  0000.00E+00  
600001.E-02  0000.00E+00  0000.00E+00  
610001.E-02  0000.00E+00  0000.00E+00  
620001.E-02  0000.00E+00  0000.00E+00  
630001.E-02  0000.00E+00  0000.00E+00  
640001.E-02  0000.00E+00  0000.00E+00  
650001.E-02  0000.00E+00  0000.00E+00  
660001.E-02  0000.00E+00  0000.00E+00  
670001.E-02  0000.00E+00  0000.00E+00  
680001.E-02  0000.00E+00  0000.00E+00  
690001.E-02  0000.00E+00  0000.00E+00  
700001.E-02  0000.00E+00  0000.00E+00  
710001.E-02  0000.00E+00  0000.00E+00  
720001.E-02  0000.00E+00  0000.00E+00  
730001.E-02  0000.00E+00  0000.00E+00  
740001.E-02  0000.00E+00  0000.00E+00  
750001.E-02  0000.00E+00  0000.00E+00  
760001.E-02  0000.00E+00  0000.00E+00  
770001.E-02  0000.00E+00  0000.00E+00  
780001.E-02  0000.00E+00  0000.00E+00  
790001.E-02  0000.00E+00  0000.00E+00  
800001.E-02  0000.00E+00  0000.00E+00  
810001.E-02  0000.00E+00  0000.00E+00  
820001.E-02  0000.00E+00  0000.00E+00  
830001.E-02  0000.00E+00  0000.00E+00  
840001.E-02  0000.00E+00  0000.00E+00  
850001.E-02  0000.00E+00  0000.00E+00  
860001.E-02  0000.00E+00  0000.00E+00  
870001.E-02  0000.00E+00  0000.00E+00  
880001.E-02  0000.00E+00  0000.00E+00  
890001.E-02  0000.00E+00  0000.00E+00  
900001.E-02  0000.00E+00  0000.00E+00  
910001.E-02  0000.00E+00  0000.00E+00  
920001.E-02  0000.00E+00  0000.00E+00  
930001.E-02  0000.00E+00  0000.00E+00  
940001.E-02  0000.00E+00  0000.00E+00  
950001.E-02  0000.00E+00  0000.00E+00  
960001.E-02  0000.00E+00  0000.00E+00  
970001.E-02  0000.00E+00  0000.00E+00  
980001.E-02  0000.00E+00  0000.00E+00  
990001.E-02  0000.00E+00  0000.00E+00  
100000.E-01  0000.00E+00  0000.00E+00  