100010.E-03  4.7201E+03  0.0000E+00
200010.E-03  1.0660E+04  0.0000E+00
300010.E-03  1.7750E+04  0.0000E+00
400010.E-03  2.8701E+04  0.0000E+00
500010.E-03  4.0040E+04  0.0000E+00
600010.E-03  5.4527E+04  0.0000E+00
700010.E-03  6.7647E+04  0.0000E+00
800010.E-03  8.2150E+04  0.0000E+00
900010.E-03  8.9562E+04  0.0000E+00
100001.E-02  9.5333E+04  0.0000E+00
110001.E-02  9.6373E+04  0.0000E+00
120001.E-02  9.1422E+04  0.0000E+00
130001.E-02  8.0460E+04  0.0000E+00
140001.E-02  6.8397E+04  0.0000E+00
150001.E-02  5.4017E+04  0.0000E+00
160001.E-02  4.0280E+04  0.0000E+00
170001.E-02  2.9261E+04  0.0000E+00
180001.E-02  1.9641E+04  0.0000E+00
190001.E-02  1.2170E+04  0.0000E+00
200001.E-02  7.2601E+03  0.0000E+00
210001.E-02  4.3800E+03  0.0000E+00
220001.E-02  2.1600E+03  0.0000E+00
230001.E-02  1.1500E+03  0.0000E+00
240001.E-02  4.9000E+02  0.0000E+00
250001.E-02  2.2000E+02  0.0000E+00
260001.E-02  8.0001E+01  0.0000E+00
270001.E-02  3.0000E+01  0.0000E+00
280001.E-02  2.0000E+01  0.0000E+00
290001.E-02  0.0000E+00  0.0000E+00
300001.E-02  0.0000E+00  0.0000E+00
310001.E-02  0.0000E+00  0.0000E+00
320001.E-02  0.0000E+00  0.0000E+00
330001.E-02  0.0000E+00  0.0000E+00
340001.E-02  0.0000E+00  0.0000E+00
350001.E-02  0.0000E+00  0.0000E+00
360001.E-02  0.0000E+00  0.0000E+00
370001.E-02  0.0000E+00  0.0000E+00
380001.E-02  0.0000E+00  0.0000E+00
390001.E-02  0.0000E+00  0.0000E+00
400001.E-02  0.0000E+00  0.0000E+00
410001.E-02  0.0000E+00  0.0000E+00
420001.E-02  0.0000E+00  0.0000E+00
430001.E-02  0.0000E+00  0.0000E+00
440001.E-02  0.0000E+00  0.0000E+00
450001.E-02  0.0000E+00  0.0000E+00
460001.E-02  0.0000E+00  0.0000E+00
470001.E-02  0.0000E+00  0.0000E+00
480001.E-02  0.0000E+00  0.0000E+00
490001.E-02  0.0000E+00  0.0000E+00
500001.E-02  0.0000E+00  0.0000E+00
510001.E-02  0.0000E+00  0.0000E+00
520001.E-02  0.0000E+00  0.0000E+00
530001.E-02  0.0000E+00  0.0000E+00
540001.E-02  0.0000E+00  0.0000E+00
550001.E-02  0.0000E+00  0.0000E+00
560001.E-02  0.0000E+00  0.0000E+00
570001.E-02  0.0000E+00  0.0000E+00
580001.E-02  0.0000E+00  0.0000E+00
590001.E-02  0.0000E+00  0.0000E+00
600001.E-02  0.0000E+00  0.0000E+00
610001.E-02  0.0000E+00  0.0000E+00
620001.E-02  0.0000E+00  0.0000E+00
630001.E-02  0.0000E+00  0.0000E+00
640001.E-02  0.0000E+00  0.0000E+00
650001.E-02  0.0000E+00  0.0000E+00
660001.E-02  0.0000E+00  0.0000E+00
670001.E-02  0.0000E+00  0.0000E+00
680001.E-02  0.0000E+00  0.0000E+00
690001.E-02  0.0000E+00  0.0000E+00
700001.E-02  0.0000E+00  0.0000E+00
710001.E-02  0.0000E+00  0.0000E+00
720001.E-02  0.0000E+00  0.0000E+00
730001.E-02  0.0000E+00  0.0000E+00
740001.E-02  0.0000E+00  0.0000E+00
750001.E-02  0.0000E+00  0.0000E+00
760001.E-02  0.0000E+00  0.0000E+00
770001.E-02  0.0000E+00  0.0000E+00
780001.E-02  0.0000E+00  0.0000E+00
790001.E-02  0.0000E+00  0.0000E+00
800001.E-02  0.0000E+00  0.0000E+00
810001.E-02  0.0000E+00  0.0000E+00
820001.E-02  0.0000E+00  0.0000E+00
830001.E-02  0.0000E+00  0.0000E+00
840001.E-02  0.0000E+00  0.0000E+00
850001.E-02  0.0000E+00  0.0000E+00
860001.E-02  0.0000E+00  0.0000E+00
870001.E-02  0.0000E+00  0.0000E+00
880001.E-02  0.0000E+00  0.0000E+00
890001.E-02  0.0000E+00  0.0000E+00
900001.E-02  0.0000E+00  0.0000E+00
910001.E-02  0.0000E+00  0.0000E+00
920001.E-02  0.0000E+00  0.0000E+00
930001.E-02  0.0000E+00  0.0000E+00
940001.E-02  0.0000E+00  0.0000E+00
950001.E-02  0.0000E+00  0.0000E+00
960001.E-02  0.0000E+00  0.0000E+00
970001.E-02  0.0000E+00  0.0000E+00
980001.E-02  0.0000E+00  0.0000E+00
990001.E-02  0.0000E+00  0.0000E+00
100000.E-01  0.0000E+00  0.0000E+00
