100010.E-03  9478.58E-05  3453.13E-03  
200010.E-03  1105.23E-04  3686.65E-03  
300010.E-03  1245.53E-04  3722.43E-03  
400010.E-03  1357.53E-04  3598.10E-03  
500010.E-03  1381.56E-04  3206.80E-03  
600010.E-03  1286.86E-04  2639.59E-03  
700010.E-03  1083.56E-04  1969.91E-03  
800010.E-03  8156.11E-05  1310.77E-03  
900010.E-03  5316.81E-05  7582.53E-04  
100001.E-02  3069.69E-05  3873.13E-04  
110001.E-02  1551.59E-05  1802.62E-04  
120001.E-02  6625.02E-06  7115.79E-05  
130001.E-02  2530.63E-06  2624.90E-05  
140001.E-02  8329.02E-07  7671.33E-06  
150001.E-02  2166.06E-07  1621.81E-06  
160001.E-02  3720.03E-08  3019.69E-07  
170001.E-02  1210.01E-08  9315.39E-08  
180001.E-02  2900.03E-09  5189.54E-09  
190001.E-02  0000.00E+00  0000.00E+00  
200001.E-02  0000.00E+00  0000.00E+00  
210001.E-02  0000.00E+00  0000.00E+00  
220001.E-02  0000.00E+00  0000.00E+00  
230001.E-02  0000.00E+00  0000.00E+00  
240001.E-02  0000.00E+00  0000.00E+00  
250001.E-02  0000.00E+00  0000.00E+00  
260001.E-02  0000.00E+00  0000.00E+00  
270001.E-02  0000.00E+00  0000.00E+00  
280001.E-02  0000.00E+00  0000.00E+00  
290001.E-02  0000.00E+00  0000.00E+00  
300001.E-02  0000.00E+00  0000.00E+00  
310001.E-02  0000.00E+00  0000.00E+00  
320001.E-02  0000.00E+00  0000.00E+00  
330001.E-02  0000.00E+00  0000.00E+00  
340001.E-02  0000.00E+00  0000.00E+00  
350001.E-02  0000.00E+00  0000.00E+00  
360001.E-02  0000.00E+00  0000.00E+00  
370001.E-02  0000.00E+00  0000.00E+00  
380001.E-02  0000.00E+00  0000.00E+00  
390001.E-02  0000.00E+00  0000.00E+00  
400001.E-02  0000.00E+00  0000.00E+00  
410001.E-02  0000.00E+00  0000.00E+00  
420001.E-02  0000.00E+00  0000.00E+00  
430001.E-02  0000.00E+00  0000.00E+00  
440001.E-02  0000.00E+00  0000.00E+00  
450001.E-02  0000.00E+00  0000.00E+00  
460001.E-02  0000.00E+00  0000.00E+00  
470001.E-02  0000.00E+00  0000.00E+00  
480001.E-02  0000.00E+00  0000.00E+00  
490001.E-02  0000.00E+00  0000.00E+00  
500001.E-02  0000.00E+00  0000.00E+00  
510001.E-02  0000.00E+00  0000.00E+00  
520001.E-02  0000.00E+00  0000.00E+00  
530001.E-02  0000.00E+00  0000.00E+00  
540001.E-02  0000.00E+00  0000.00E+00  
550001.E-02  0000.00E+00  0000.00E+00  
560001.E-02  0000.00E+00  0000.00E+00  
570001.E-02  0000.00E+00  0000.00E+00  
580001.E-02  0000.00E+00  0000.00E+00  
590001.E-02  0000.00E+00  0000.00E+00  
600001.E-02  0000.00E+00  0000.00E+00  
610001.E-02  0000.00E+00  0000.00E+00  
620001.E-02  0000.00E+00  0000.00E+00  
630001.E-02  0000.00E+00  0000.00E+00  
640001.E-02  0000.00E+00  0000.00E+00  
650001.E-02  0000.00E+00  0000.00E+00  
660001.E-02  0000.00E+00  0000.00E+00  
670001.E-02  0000.00E+00  0000.00E+00  
680001.E-02  0000.00E+00  0000.00E+00  
690001.E-02  0000.00E+00  0000.00E+00  
700001.E-02  0000.00E+00  0000.00E+00  
710001.E-02  0000.00E+00  0000.00E+00  
720001.E-02  0000.00E+00  0000.00E+00  
730001.E-02  0000.00E+00  0000.00E+00  
740001.E-02  0000.00E+00  0000.00E+00  
750001.E-02  0000.00E+00  0000.00E+00  
760001.E-02  0000.00E+00  0000.00E+00  
770001.E-02  0000.00E+00  0000.00E+00  
780001.E-02  0000.00E+00  0000.00E+00  
790001.E-02  0000.00E+00  0000.00E+00  
800001.E-02  0000.00E+00  0000.00E+00  
810001.E-02  0000.00E+00  0000.00E+00  
820001.E-02  0000.00E+00  0000.00E+00  
830001.E-02  0000.00E+00  0000.00E+00  
840001.E-02  0000.00E+00  0000.00E+00  
850001.E-02  0000.00E+00  0000.00E+00  
860001.E-02  0000.00E+00  0000.00E+00  
870001.E-02  0000.00E+00  0000.00E+00  
880001.E-02  0000.00E+00  0000.00E+00  
890001.E-02  0000.00E+00  0000.00E+00  
900001.E-02  0000.00E+00  0000.00E+00  
910001.E-02  0000.00E+00  0000.00E+00  
920001.E-02  0000.00E+00  0000.00E+00  
930001.E-02  0000.00E+00  0000.00E+00  
940001.E-02  0000.00E+00  0000.00E+00  
950001.E-02  0000.00E+00  0000.00E+00  
960001.E-02  0000.00E+00  0000.00E+00  
970001.E-02  0000.00E+00  0000.00E+00  
980001.E-02  0000.00E+00  0000.00E+00  
990001.E-02  0000.00E+00  0000.00E+00  
100000.E-01  0000.00E+00  0000.00E+00  